              0               0               0       -710.2564
  -1.626266e-05     0.002865534      -0.6953806         -92.798
  -2.495579e-05     0.002796185       0.7183065       -13.65946
       615.3021        628.6982
              0               0               1       -710.2564
   5.072587e-06    -0.002246239       0.3916751       -101.6383
   -5.94975e-06     0.001876887      -0.1370898       -3.595125
      -710.2564       -597.4359
              0               0               0       -597.4359
   -2.19442e-05     0.004766121      -0.3037566       -75.22907
  -1.675324e-05     0.001522168       0.9517878       -18.10493
       638.5419        653.3658
              0               0               1       -710.2564
   5.583293e-06    -0.002230191       0.3362691         -92.798
  -5.818411e-06     0.001964424      -0.1869708       -13.65946
      -710.2564       -597.4359
