              0               0               0        3115.385
  -8.022447e-07    0.0001701352       0.9901527        2.511978
  -2.764358e-06    -0.001192832       0.1403172        82.86211
       159.7313          182.55
              0               0               1        3115.385
   1.843488e-08   -3.172456e-06    -0.004433815        25.18508
  -1.510455e-08    2.662615e-06    -0.009721057        85.41002
       3115.385        3384.615
              0               0               0        3384.615
  -8.276127e-07    0.0001934504       0.9885317        2.586554
  -4.050398e-06    -0.001235811       0.1512609        80.03193
       151.9059        173.6067
              0               0               1        3115.385
   1.987681e-08   -3.598327e-06   -0.0001949972        2.511978
   -1.93051e-08    4.447923e-06     -0.01031028        82.86211
       3115.385        3384.615
