              0               0               0        2980.769
   1.218029e-06   -0.0002905353       0.9767808        118.7126
   7.874928e-06    -0.001291361       -0.214084        80.46271
       280.5813         303.963
              0               0               1        2980.769
   3.213852e-09    1.161155e-08     -0.02439367        141.4082
   3.643158e-10   -4.497047e-06    -0.001627316        74.85172
       2980.769        3269.231
              0               0               0        3269.231
   1.408972e-06   -0.0002970538       0.9798276        112.8517
   1.016666e-05    -0.001438708      -0.1994978        79.03756
       266.1124        288.2884
              0               0               1        2980.769
   3.241687e-09     2.98575e-07     -0.02067366        118.7126
   8.593668e-11    -3.25479e-06    -0.004008792        80.46271
       2980.769        3269.231
