              0               0               0       -1096.154
  -6.144626e-06    0.0002532564       0.9733614        -389.479
   1.833086e-05   -0.0005635151       0.2196283       -61.13579
              0        25.36265
              0               0               1       -1096.154
   9.220851e-06    -0.001423546       0.6179783       -364.7293
   1.961985e-05    -0.003879555       0.6238913       -55.62886
      -1096.154       -1019.231
              0               0               0       -1019.231
  -5.870328e-06     0.000217906       0.9861686       -343.8041
   2.159801e-05   -0.0004924357       0.1519118       -25.10282
              0        22.65495
              0               0               1       -1096.154
   9.598595e-06     -0.00148434       0.6511582        -389.479
   2.130011e-05    -0.004142458        0.661043       -61.13579
      -1096.154       -1019.231
