              0               0               0        597.4359
   8.402456e-05    -0.006790178      -0.1211254        114.4319
   3.494371e-08    0.0008846656      -0.9906989       -5.608442
      -335.5382       -321.5574
              0               0               1        597.4359
   5.950924e-07       0.0012716      0.04163844        111.6409
   -1.62523e-05     0.004192257      -0.0711179       -19.28615
       597.4359        710.2564
              0               0               0        710.2564
  -4.582813e-05     -0.00403438      -0.2286135        137.3135
    4.06771e-05    0.0007596252      -0.9731898        15.61344
      -324.0371       -310.5355
              0               0               1        597.4359
   3.774041e-06    0.0008184573      0.06243759        114.4319
  -1.793479e-05     0.004400264     -0.08005449       -5.608442
       597.4359        710.2564
