              0               0               0       -1173.077
   3.275666e-07   -0.0002716342      -0.9613142       -42.46421
   1.594455e-06    0.0009425229      -0.2753313       -66.28565
       1032.509        1061.154
              0               0               1       -1173.077
  -2.942471e-06    0.0005967444      0.09792568       -70.21636
  -1.403676e-05      0.00167014       0.2456096       -73.36169
      -1173.077       -1096.154
              0               0               0       -1096.154
   4.606958e-07   -0.0002037787      -0.9827741       -35.47951
   3.979686e-06     0.001048518      -0.1848817       -47.03015
       912.6459        937.9713
              0               0               1       -1173.077
  -1.881989e-06    0.0004357579      0.06841728       -42.46421
   -1.22522e-05     0.001469451        0.209785       -66.28565
      -1173.077       -1096.154
