              0               0               0       -153.8462
   1.710264e-05   -0.0009256431      -0.9823172        39.73552
  -6.297946e-06     0.004908139      -0.1869505        -76.3994
       481.5765        494.9572
              0               0               1       -153.8462
   6.311413e-07   -0.0002445468      0.02111233        26.46668
   1.162837e-06   -0.0002792677    -0.002190392       -78.03725
      -153.8462               0
              0               0               0               0
     1.3021e-05   -0.0008229633      -0.9824047        39.74149
   1.572945e-05     0.004134854      -0.1867582       -79.01189
       490.8847        504.5213
              0               0               1       -153.8462
   5.070108e-07   -0.0002112895      0.02054461        39.73552
    1.22717e-06   -0.0003037179    0.0006991973        -76.3994
      -153.8462               0
