              0               0               0       -634.6154
   2.079838e-05     0.002228802       -0.839345       -38.53829
    5.46623e-06     0.003482185       0.5434542       -65.73985
       576.7947        590.5268
              0               0               1       -634.6154
  -1.511568e-05     0.001432002       0.1782122       -49.59005
   1.101597e-05   -0.0006462944      -0.2483269       -57.60634
      -634.6154       -557.6923
              0               0               0       -557.6923
   1.745291e-05     0.002439226      -0.8956116       -22.28025
  -1.093109e-05     0.004916657       0.4454474       -82.68519
       594.8371        608.8314
              0               0               1       -634.6154
  -1.667494e-05     0.001673526         0.18129       -38.53829
   8.124652e-06   -0.0001940772      -0.2534353       -65.73985
      -634.6154       -557.6923
