              0               0               0        1161.538
   3.006774e-05    0.0002221188      -0.8629619       -119.6061
  -1.621754e-05     0.001423774       0.5214471        22.70355
      -79.17537       -52.78358
              0               0               1        1161.538
   3.538373e-06   -0.0001806165       -0.145619       -141.6738
  -7.219675e-06    0.0006521943       0.1677919        37.15905
       1161.538        1274.359
              0               0               0        1274.359
   2.092466e-05    0.0003177906      -0.8040023        -131.738
  -1.518971e-05     0.001210061       0.6084778         34.8143
      -91.29185       -60.86124
              0               0               1        1161.538
   3.470233e-06   -0.0002129458      -0.1276787       -119.6061
   -5.45279e-06    0.0004899379       0.1214759        22.70355
       1161.538        1274.359
