              0               0               0       -484.6154
  -2.118672e-05     0.004187487       0.6610911       -50.81877
  -9.973495e-06    -0.003580388       0.7500589        117.0777
       76.85539        89.66462
              0               0               1       -484.6154
   1.981233e-06   -0.0003542383     -0.03533941       -41.70817
   5.594218e-07   -0.0004245778     -0.01232356         126.077
      -484.6154       -369.2308
              0               0               0       -369.2308
  -1.281095e-05       0.0036994       0.6807004       -57.28964
  -1.109265e-05     -0.00344404       0.7325265        110.6284
       80.99261        94.49137
              0               0               1       -484.6154
   2.348422e-06   -0.0004259248     -0.03820161       -50.81877
   7.541041e-07   -0.0004651933     -0.01225794        117.0777
      -484.6154       -369.2308
