              0               0               0       -2115.385
   -1.24178e-06    9.953716e-05       0.9973754       -20.09916
   3.082421e-06    -0.001386254      0.07119943        93.82794
       429.5002        456.3439
              0               0               1       -2115.385
   4.707325e-08    -1.59362e-05     -0.01346752        6.721849
  -1.407517e-08   -3.349825e-07     0.008951367        94.79991
      -2115.385       -1826.923
              0               0               0       -1826.923
  -1.060558e-06    0.0001489343       0.9926659       -25.28268
   1.052809e-06    -0.001233825       0.1206708        94.57982
       448.5669        476.6024
              0               0               1       -2115.385
   5.446562e-08   -1.667668e-05     -0.01769104       -20.09916
   1.186465e-10   -6.449541e-06      0.00445711        93.82794
      -2115.385       -1826.923
