              0               0               0               0
  -1.772653e-05     0.004036227       0.4899647       -75.76061
  -7.812446e-07     -0.00232964       0.8714972        79.54282
       54.54119        68.17649
              0               0               1               0
  -5.972782e-07    0.0001644857    -0.006916869       -68.37432
   4.346915e-07   -0.0001928392      0.01095333        90.99084
              0        153.8462
              0               0               0        153.8462
   7.598563e-06     0.003360105        0.498076       -75.01825
  -1.916668e-05    -0.001925725        0.867126        78.46396
       53.61503        67.01878
              0               0               1               0
  -6.449444e-07    0.0001761429    -0.007008589       -75.76061
   3.101584e-07   -0.0001618779      0.01055068        79.54282
              0        153.8462
