              0               0               0        153.8462
   1.049414e-05    -0.003600288       0.6953909        96.64485
   2.835614e-05    -0.003538086      -0.7178867        99.52267
       254.6714        268.0751
              0               0               1        153.8462
  -1.000642e-06    0.0002151488    -0.001350768        105.3441
   1.074287e-06   -4.406241e-06     -0.01688286        89.33293
       153.8462        307.6923
              0               0               0        307.6923
  -6.815408e-07     -0.00312729       0.6832841        97.88782
   1.115289e-05    -0.002859576      -0.7302818        100.9551
       257.9102        271.4845
              0               0               1        153.8462
   -9.43459e-07    0.0002067623    -0.001399831        96.64485
   9.672919e-07    2.370621e-05     -0.01723069        99.52267
       153.8462        307.6923
