              0               0               0        711.5385
   3.768179e-07   -0.0009573583      -0.9547657        56.66705
   4.181542e-05     0.003043847      -0.2990158       -67.56891
        -202.42       -188.9253
              0               0               1        711.5385
  -4.550768e-06     0.001707393       0.1064216        43.60939
  -6.870097e-06     0.001581095       0.3025526       -70.94696
       711.5385        788.4615
              0               0               0        788.4615
   1.631901e-06   -0.0006004591       -0.963144        73.10383
   1.605166e-05     0.002045586      -0.2692244        -38.1876
      -205.0866       -191.4142
              0               0               1        711.5385
  -4.312666e-06     0.001831824      0.09828732        56.66705
  -7.448918e-06     0.001726763       0.2932056       -67.56891
       711.5385        788.4615
