              0               0               0        1019.231
  -4.398173e-07    -1.94667e-06      -0.9962301        146.6436
   4.471454e-06    3.400811e-05     -0.08659907       -25.23699
      -318.1944       -296.9814
              0               0               1        1019.231
  -1.240861e-06    0.0001069546       0.2158994        125.5055
  -4.340098e-06    0.0005185759      -0.2468074       -27.01603
       1019.231        1096.154
              0               0               0        1096.154
  -1.126152e-07    9.745049e-07      -0.9998799        166.1417
   4.284991e-06   -9.202422e-06     -0.01456568       -44.61283
      -359.4355       -335.4731
              0               0               1        1019.231
  -1.209649e-06    0.0001011064        0.252856        146.6436
    -4.3919e-06     0.000493012      -0.2638223       -25.23699
       1019.231        1096.154
