              0               0               0       -4192.308
   6.037263e-06   -7.240025e-05      -0.9823709       -216.7136
    2.86838e-05   -0.0003455203       0.1872647        15.92765
       834.2301        852.3506
              0               0               1       -4192.308
  -2.589623e-08    6.132062e-06     -0.05896234       -234.5025
  -8.407607e-08    1.728837e-06     -0.00832189        19.37818
      -4192.308       -3923.077
              0               0               0       -3923.077
   4.298963e-06   -3.383352e-05      -0.9811338       -231.5594
   1.923917e-05   -0.0001424536       0.1936457        11.80801
       886.2178        905.4777
              0               0               1       -4192.308
   -2.61276e-08    5.592649e-06     -0.05475347       -216.7136
  -9.623652e-08    1.619782e-06    -0.008761875        15.92765
      -4192.308       -3923.077
