              0               0               0       -935.8974
  -5.705392e-06    -4.54381e-05       0.9985065       -271.6841
   3.240006e-05     0.001052164      0.05507147        9.429426
       19.65249        39.30498
              0               0               1       -935.8974
  -2.122781e-06    0.0007746813       0.5973615       -252.1218
   2.372653e-07   -0.0003940246       0.2648793        11.16401
      -935.8974       -823.0769
              0               0               0       -823.0769
  -1.102762e-06   -0.0003198948       0.9922492        -193.261
  -9.882735e-06     0.002453141       0.1204003        33.94536
       15.54792        31.09584
              0               0               1       -935.8974
  -1.267855e-06    0.0007491858       0.6267282       -271.6841
  -1.228643e-06     -0.00047949       0.2870354        9.429426
      -935.8974       -823.0769
