              0               0               0        2576.923
    4.79537e-06   -3.247182e-05       0.9799548        368.0038
   3.256507e-05   -0.0002809374      -0.2013812         10.8916
       551.5989        576.6715
              0               0               1        2576.923
   5.162821e-09   -4.673397e-06     -0.06012048        392.6291
   4.077852e-09   -2.274574e-05      0.03738414        6.179108
       2576.923        2846.154
              0               0               0        2846.154
   4.803064e-06    -3.74688e-05       0.9839291        352.5982
   3.830797e-05    -0.000364296      -0.1812912        18.69914
       526.8335        550.7805
              0               0               1        2576.923
   4.882394e-09    -4.18637e-06     -0.05644769        368.0038
   2.552741e-09   -2.089248e-05      0.03443928         10.8916
       2576.923        2846.154
