              0               0               0       -2403.846
  -1.708267e-09   -8.941472e-06      -0.9934571       -235.0059
  -2.357752e-08   -7.834979e-05       0.1142015       -25.26631
       1101.611        1127.207
              0               0               1       -2403.846
  -6.551401e-09    6.611197e-06     -0.04004916       -260.4398
  -5.923134e-08    -1.06032e-05     -0.03645744         -22.395
      -2403.846       -2115.385
              0               0               0       -2115.385
  -1.317977e-08   -5.239675e-06       -0.996914       -244.8779
  -1.813952e-07   -6.718204e-05      0.07849435       -37.26751
         1153.5          1180.3
              0               0               1       -2403.846
   -4.42229e-09    6.233998e-06     -0.03565309       -235.0059
  -5.414327e-08    -9.50653e-06     -0.03435665       -25.26631
      -2403.846       -2115.385
