              0               0               0        3557.692
  -1.303698e-06   -1.223369e-05      -0.9828106        168.2662
   7.116856e-06    6.520631e-05       -0.184615       -14.60833
      -314.2322       -293.2834
              0               0               1        3557.692
  -3.732039e-08    1.114629e-05     -0.02175577        147.6602
   3.230927e-07   -9.844374e-05    -0.008781739       -18.38175
       3557.692        3846.154
              0               0               0        3846.154
  -1.368492e-06   -6.215895e-05      -0.9852876        160.9902
   9.683248e-06    0.0003496467      -0.1709611       -18.17404
      -297.4602       -277.6295
              0               0               1        3557.692
  -4.644533e-08    1.390923e-05     -0.02537121        168.2662
   3.491795e-07   -0.0001062977     -0.01075355       -14.60833
       3557.692        3846.154
