              0               0               0       -246.1538
   6.328397e-06    -0.001838543      -0.9042908        65.33105
   1.870346e-05     0.003908163      -0.4268358       -69.16103
       458.3489        471.8324
              0               0               1       -246.1538
   5.116007e-08    9.615817e-06    -0.002991166        52.81929
   7.504684e-07   -0.0004095374      0.04648398        -74.1599
      -246.1538       -123.0769
              0               0               0       -123.0769
   1.656944e-06    -0.001658242      -0.9068437         65.1379
   3.515901e-05     0.003550185      -0.4224025       -68.30509
         455.49        468.8903
              0               0               1       -246.1538
  -7.682972e-08    6.465429e-05    -0.008362939        65.33105
   6.991388e-07    -0.000389386      0.04428842       -69.16103
      -246.1538       -123.0769
