              0               0               0        865.3846
   1.328268e-06   -7.534369e-05       0.9677843        112.7785
   5.044513e-06   -0.0002852235      -0.2517495        61.78195
       250.8199        266.4961
              0               0               1        865.3846
  -1.006239e-06   -0.0002944109       0.4886681        127.9364
  -3.322595e-06      0.00180411      -0.3296852         57.7848
       865.3846        942.3077
              0               0               0        942.3077
   5.375343e-07    8.048578e-05       0.9594428        145.5508
    1.97778e-06    0.0002769277      -0.2818399        46.69254
       295.9123        314.4068
              0               0               1        865.3846
   -5.88102e-07   -0.0003183579        0.454008        112.7785
  -3.010982e-06     0.001887317       -0.323524        61.78195
       865.3846        942.3077
