              0               0               0        484.6154
   0.0003670845    -0.005695327     -0.08312206           117.7
    3.63687e-06   -5.642613e-05      -0.9963402        41.72187
      -387.8757       -372.3607
              0               0               1        484.6154
   9.714535e-07    0.0004896576     -0.08514461        116.4103
   2.309721e-05    -0.003417253      -0.1909582        26.26362
       484.6154        597.4359
              0               0               0        597.4359
  -0.0002428401     0.003395089     -0.07365953        115.4617
   3.163869e-05   -0.0004423328       -0.996883        8.328738
       -349.519       -335.5382
              0               0               1        484.6154
   1.461502e-06    0.0003419386     -0.07701943           117.7
   2.428652e-05    -0.003633282      -0.1952061        41.72187
       484.6154        597.4359
