              0               0               0        1538.462
  -5.771269e-07    3.909513e-05      -0.9983937        413.8209
  -1.108631e-05    0.0007562561      0.05443862        -90.0209
      -646.2234       -616.8496
              0               0               1        1538.462
  -5.674118e-07    0.0003639012     -0.08444667        384.5134
   1.293161e-06   -0.0009543728        0.280763        -88.0503
       1538.462        1826.923
              0               0               0        1826.923
   3.396836e-07   -2.241062e-05      -0.9995754        404.9662
  -1.271876e-05     0.000827988     -0.02434599        -55.1218
      -619.3761       -591.2226
              0               0               1        1538.462
  -6.221729e-07    0.0004006929     -0.09450979        413.8209
     1.3794e-06    -0.001018915       0.3001214        -90.0209
       1538.462        1826.923
