              0               0               0        4134.615
    0.001244824    -0.007349224      -0.9715024       -102.5249
  -0.0002695228      0.01175067       0.5785752         13.1256
      -18.52287               0
              0               0               1        4134.615
  -7.802249e-12    3.444724e-08       0.0303342       -115.1304
  -1.345156e-11    8.481872e-07    -0.003168028        26.16124
       4134.615        4423.077
              0               0               0        4423.077
    0.001433405    -0.008082409       -0.976456       -94.48814
  -0.0003044987      0.01254333       0.5716293        13.23721
       -17.3188               0
              0               0               1        4134.615
   9.374673e-09   -5.157168e-06      0.02856831       -102.5249
   7.820297e-09   -4.596663e-06     0.001062135         13.1256
       4134.615        4423.077
