              0               0               0       -1387.179
   8.835863e-08   -0.0001571674       0.8761363       -298.7811
  -3.533122e-07    0.0002899213       0.4819759        -43.5579
       179.8802        209.8603
              0               0               1       -1387.179
    7.22755e-06   -0.0007918586      -0.0506603       -272.6534
   9.676863e-06    -0.001033454      -0.1727712       -28.85718
      -1387.179       -1274.359
              0               0               0       -1274.359
   6.143486e-07   -0.0001961959       0.8478895       -303.8057
  -1.142804e-06     0.000317308        0.530084       -64.06443
       183.2942        213.8433
              0               0               1       -1387.179
   7.294517e-06   -0.0007811012     -0.04925983       -298.7811
   1.065833e-05    -0.001123748      -0.1906448        -43.5579
      -1387.179       -1274.359
