              0               0               0        2038.462
   -6.69495e-07    3.589591e-05       0.9993458        6.173617
  -1.145873e-06    -0.001009743      0.03628417        95.55743
       191.2828        218.6089
              0               0               1        2038.462
   7.074913e-09    2.166368e-06     -0.01285583          33.495
    6.17221e-09   -5.616507e-06    -0.007656071        95.77156
       2038.462        2307.692
              0               0               0        2307.692
  -6.399227e-07    7.617586e-05       0.9972004        4.163465
  -2.515652e-06    -0.001006591      0.07529522        92.18715
       183.3861        209.5841
              0               0               1        2038.462
   4.896823e-09    3.662559e-06    -0.008807303        6.173617
   6.895172e-09   -3.332764e-06     -0.01212067        95.55743
       2038.462        2307.692
