              0               0               0       -2038.462
  -6.434066e-07    3.490458e-05      -0.9966877        -409.619
  -3.681965e-06    0.0001997453      0.07625456       -30.29224
       1330.136        1357.261
              0               0               1       -2038.462
  -9.812514e-08    3.537662e-05     -0.05801465       -436.6411
  -1.742509e-07   -2.893343e-05     -0.07779824       -28.15036
      -2038.462       -1769.231
              0               0               0       -1769.231
  -3.893402e-07    2.198358e-05       -0.999301       -423.4078
  -3.670696e-06     0.000207261      0.02509078        -55.3848
       1384.381        1412.613
              0               0               1       -2038.462
  -8.562544e-08    3.296465e-05     -0.05388396        -409.619
  -1.641986e-07   -2.690365e-05     -0.07405567       -30.29224
      -2038.462       -1769.231
