              0               0               0        3846.154
   2.159142e-06    8.825663e-05       0.9803488        255.5754
   1.707458e-05    0.0003824312        -0.19798        37.88562
       394.9535        414.7012
              0               0               1        3846.154
   1.720596e-09   -9.334349e-07     -0.05428901        274.9861
   3.344765e-09   -3.658218e-06     0.005422434         34.2566
       3846.154        4134.615
              0               0               0        4134.615
   1.828064e-06    9.801347e-05       0.9824768        241.0177
   1.705824e-05    0.0004579715       -0.187068         38.8005
       371.0277        389.5791
              0               0               1        3846.154
   2.599889e-09   -1.330493e-06      -0.0502993        255.5754
   5.891647e-09   -4.661841e-06     0.004026104        37.88562
       3846.154        4134.615
