              0               0               0        788.4615
   2.349287e-05     0.001458725      -0.8333584       -70.95672
   3.399887e-05     0.002132306       0.5518348       -16.18899
      -54.68976       -41.01732
              0               0               1        788.4615
  -1.675835e-07   -0.0003296518     -0.01876513       -82.01803
  -1.901244e-06    0.0002501874      0.08691113       -8.158558
       788.4615        865.3846
              0               0               0        865.3846
  -1.743081e-05    0.0007237763      -0.9566946         -70.604
    1.60343e-05     0.001654414       0.2835165       -5.770041
      -62.69535       -47.02151
              0               0               1        788.4615
  -2.818905e-07   -0.0003862671      0.03596623       -70.95672
  -3.525852e-06    0.0002725331       0.1353453       -16.18899
       788.4615        865.3846
