              0               0               0        3269.231
  -8.233894e-07     0.000181532       0.9892505        2.587439
  -2.966109e-06    -0.001218591       0.1465729        81.21185
       155.2322        177.4082
              0               0               1        3269.231
  -1.320463e-09    3.477287e-06    -0.003250815        24.60538
  -2.861189e-09   -1.306437e-06     -0.01053474        83.83063
       3269.231        3557.692
              0               0               0        3557.692
   -7.72884e-07    0.0001999602       0.9874683        3.144279
   -2.60552e-06    -0.001266253       0.1579576        77.88357
       146.7408        167.7037
              0               0               1        3269.231
  -9.932322e-10    3.499675e-06     0.001003506        2.587439
  -5.273493e-09   -8.336307e-07     -0.01085874        81.21185
       3269.231        3557.692
