              0               0               0        634.6154
      6.127e-08    -0.004255425       0.2441191         115.344
   1.263333e-05    -0.001060897      -0.9698657        66.17609
       301.5617        314.6731
              0               0               1        634.6154
  -1.942766e-07     0.001514638       0.1454178        117.8133
   1.194467e-05   -0.0008493602      -0.1511995        53.30591
       634.6154        711.5385
              0               0               0        711.5385
  -4.007267e-05     -0.00329677       0.3862988         133.363
   2.474752e-07    -0.001383092      -0.9232973        54.78337
         310.05        323.5304
              0               0               1        634.6154
   -2.46826e-06     0.001425763       0.1391785         115.344
   9.586655e-06   -0.0008097531      -0.1425424        66.17609
       634.6154        711.5385
