              0               0               0       -711.5385
  -0.0001194843      -0.0005599      -0.4347758        134.5825
  -2.026368e-05      0.00314018      -0.9243219        11.96493
       347.4178         360.816
              0               0               1       -711.5385
   1.030825e-06    0.0001034298     -0.06204896        128.3694
   1.105294e-05    -0.000292897     -0.03997114      0.09564662
      -711.5385       -634.6154
              0               0               0       -634.6154
  -1.127591e-05    -0.004036876       -0.111002        126.9923
   1.285862e-05    0.0004606672      -0.9934396        13.84052
       357.0824        370.8145
              0               0               1       -711.5385
   1.917345e-07    0.0003093373       -0.123602        134.5825
   1.144269e-05   -0.0004881806    -0.005773283        11.96493
      -711.5385       -634.6154
