              0               0               0       -1048.718
  -3.897864e-05    0.0003800163       0.9925133        135.9247
   2.873784e-05    -0.001522977      -0.1802901         82.6817
       521.4196        545.1205
              0               0               1       -1048.718
  -1.828262e-07   -8.210228e-05     -0.07431045        159.1427
  -2.761662e-07    0.0002258012      -0.2118126        77.93576
      -1048.718       -935.8974
              0               0               0       -935.8974
  -5.176137e-05    0.0002715159       0.9711268        130.6544
   5.430623e-05    -0.001975849      -0.2735694        62.24371
       432.3548        452.0073
              0               0               1       -1048.718
   4.536675e-08   -0.0001426577     -0.03119762        135.9247
   3.220711e-08    0.0001253859      -0.1957109         82.6817
      -1048.718       -935.8974
