              0               0               0        597.4359
  -4.501071e-05    -0.003265997      -0.2617184        111.6409
   2.830801e-05    0.0008861313      -0.9659418       -19.28615
      -321.5574       -307.5767
              0               0               1        597.4359
  -1.844844e-06     0.001637689      0.01964206        107.2205
  -1.463841e-05     0.003970239     -0.05724387       -32.54019
       597.4359        710.2564
              0               0               0        710.2564
   9.084023e-05    -0.005890631      -0.3626165        133.3786
  -2.992641e-05     0.002407236      -0.9304323        2.712468
      -310.5355        -297.034
              0               0               1        597.4359
   5.950924e-07       0.0012716      0.04163844        111.6409
   -1.62523e-05     0.004192257      -0.0711179       -19.28615
       597.4359        710.2564
