              0               0               0       -4730.769
   9.389728e-07   -1.492613e-05       0.9995006       -249.4815
   4.901042e-05   -0.0007790811     -0.02168598        34.07186
              0        15.89623
              0               0               1       -4730.769
  -1.231089e-07    7.843768e-05     -0.07883955       -233.5932
  -1.630249e-09   -7.589281e-07    -0.004746711        33.72714
      -4730.769       -4461.538
              0               0               0       -4461.538
    9.82374e-07   -1.672332e-05       0.9996855       -268.5542
   3.928776e-05   -0.0006688102      -0.0159152        32.63328
              0        17.02337
              0               0               1       -4730.769
  -1.306917e-07    8.329976e-05     -0.08379506       -249.4815
    -2.7854e-09   -2.897961e-07    -0.005063381        34.07186
      -4730.769       -4461.538
