              0               0               0       -1048.718
   2.026382e-08   -8.536912e-07      -0.9999443         -219.95
   5.820005e-07   -7.072728e-05      0.01064374       -40.86678
       1042.146         1065.81
              0               0               1       -1048.718
    3.20834e-06    -0.000424676       0.4482015       -243.6133
   1.458362e-06    -0.001153108       0.4522677       -40.64679
      -1048.718       -935.8974
              0               0               0       -935.8974
  -1.810706e-07   -4.838504e-06      -0.9943243       -174.3382
  -1.951611e-06   -4.446035e-05       0.1064487       -4.260932
       863.9993        883.6144
              0               0               1       -1048.718
   2.988652e-06   -0.0003845083       0.4096264         -219.95
   1.034615e-06    -0.001033281       0.4278671       -40.86678
      -1048.718       -935.8974
