              0               0               0        1274.359
  -0.0004469897      0.03400511       0.2907786       -188.1981
    0.000127137     -0.01473009        0.673347        102.9714
              0        30.47823
              0               0               1        1274.359
  -1.874356e-06    0.0005101177     -0.04121985       -160.4027
     9.3727e-06    -0.002482601      0.07286917        113.4102
       1274.359        1387.179
              0               0               0        1387.179
  -0.0004668245      0.03520651       0.2576705       -188.0314
    0.000106002     -0.01315745       0.6845505        91.93953
              0        29.97107
              0               0               1        1274.359
  -3.316822e-06    0.0008932747     -0.05708382       -188.1981
   9.987425e-06    -0.002641402      0.07309715        102.9714
       1274.359        1387.179
