              0               0               0       -3557.692
   5.319998e-07   -0.0001045788      -0.9918493        36.87254
  -1.413363e-06    0.0008350923      -0.1275823       -19.70036
       665.5923        686.3923
              0               0               1       -3557.692
   2.211198e-09    4.047636e-07    0.0006956586         16.2016
   2.349007e-08   -1.837704e-05     -0.00513597        -22.0055
      -3557.692       -3269.231
              0               0               0       -3269.231
   4.010437e-07   -0.0001033311      -0.9912522        38.32153
  -2.915998e-07    0.0007982726      -0.1322597       -21.92793
       704.0723        726.0514
              0               0               1       -3557.692
   1.960688e-09    6.072572e-07     0.004684824        36.87254
   2.063566e-08   -1.496356e-05     -0.00512295       -19.70036
      -3557.692       -3269.231
