              0               0               0        557.6923
  -0.0002817315     0.005794265      0.02314659       -84.96342
   2.566263e-06   -0.0001073264        0.999737        14.11462
      -31.55587       -15.77793
              0               0               1        557.6923
   9.502376e-07   -0.0003814822    -0.003635904       -84.26235
   6.598963e-06    -0.001252045     -0.05972885        29.87177
       557.6923        634.6154
              0               0               0        634.6154
  -8.907073e-05     0.004990653       -0.104577       -85.62319
  -1.068312e-05    0.0004377801       0.9938491        6.083543
      -29.63711       -14.81856
              0               0               1        557.6923
   7.746072e-07   -0.0002293932     0.004485027       -84.96342
   6.496926e-06    -0.001154013     -0.05407719        14.11462
       557.6923        634.6154
