              0               0               0       -153.8462
   2.406801e-05    -0.005138074      -0.2739807        124.0447
   1.363174e-05      0.00135325       -0.960812        1.043156
       361.1503         374.531
              0               0               1       -153.8462
   -5.10041e-07     0.000105064     0.002042189        119.5164
   1.120187e-06   -0.0003292391      0.01771566       -11.53823
      -153.8462               0
              0               0               0               0
   7.963626e-06    -0.004528318      -0.2547973        124.7565
   1.347987e-05     0.001170448      -0.9668506        0.406282
       368.1556        381.7922
              0               0               1       -153.8462
  -5.083057e-07    0.0001143376   -0.0009328725        124.0447
   9.826665e-07   -0.0002961341      0.01816103        1.043156
      -153.8462               0
