              0               0               0        4461.538
  -4.485137e-06    0.0005593241       0.9485108       -44.91563
  -8.953175e-06   -0.0009355712       0.3090803        55.85993
       68.74906        85.93632
              0               0               1        4461.538
   1.776636e-08   -2.273128e-06      0.01043909       -28.47087
  -1.868773e-08    4.313346e-06    -0.008992771        60.85035
       4461.538        4730.769
              0               0               0        4730.769
  -7.620319e-06    0.0006630255       0.9467903       -40.82167
  -2.263338e-06    -0.001178962       0.3143802        53.64215
       64.23321        80.29151
              0               0               1        4461.538
   2.579212e-08     -3.8653e-06      0.01437728       -44.91563
   -1.88398e-08    5.138444e-06    -0.008255275        55.85993
       4461.538        4730.769
