              0               0               0        4461.538
   1.025536e-06    9.989499e-05      -0.9951156        5.963793
  -7.277894e-07      0.00105031      0.09904137       -11.54896
      -120.0726       -102.9194
              0               0               1        4461.538
   2.264811e-08    -7.17919e-06     0.008196918       -11.07109
   1.062039e-08     7.44956e-07     0.007357307       -9.544719
       4461.538        4730.769
              0               0               0        4730.769
   1.697935e-06    9.226315e-05      -0.9958192        6.994389
   4.265947e-06     0.001042112      0.09194598       -9.062511
      -112.2435       -96.20868
              0               0               1        4461.538
   1.460762e-08   -5.682184e-06     0.004298913        5.963793
   1.028497e-08    1.225844e-06     0.008159847       -11.54896
       4461.538        4730.769
