              0               0               0        788.4615
  -1.036917e-05   -0.0007991951       0.7903069        176.8477
  -1.159055e-05   -0.0009992777      -0.6118516        41.57217
        327.012        340.6375
              0               0               1        788.4615
  -1.027417e-05     0.001634146       0.7542626        187.4414
  -3.513717e-07   -0.0009856295      0.06578811        33.02055
       788.4615        865.3846
              0               0               0        865.3846
  -7.142155e-06    0.0001633849       0.9947202        234.8486
  -3.861259e-05     0.001286375      -0.1032074        33.53964
       376.2298        391.9061
              0               0               1        788.4615
  -1.214428e-05      0.00219582       0.6569615        176.8477
   4.495126e-06    -0.001351264     -0.02707783        41.57217
       788.4615        865.3846
