              0               0               0       -1387.179
  -1.512982e-06     0.000511469       0.9252325       -90.24232
   9.544827e-07    -0.001250499       0.3792037        74.55156
       419.7205        449.7006
              0               0               1       -1387.179
    6.77243e-06   -0.0009116433     -0.05972908       -62.08488
   1.450428e-06     -0.00021482      -0.0301137        84.82187
      -1387.179       -1274.359
              0               0               0       -1274.359
  -1.361854e-06    0.0005789491       0.8985931       -98.65457
   2.291895e-07    -0.001181633       0.4387443        68.46596
       427.6866        458.2356
              0               0               1       -1387.179
    6.92406e-06   -0.0009009793     -0.06104683       -90.24232
   2.579435e-06   -0.0003430793     -0.04806644        74.55156
      -1387.179       -1274.359
