              0               0               0       -2576.923
  -5.295581e-07    4.038593e-05      -0.9913829       -130.1268
  -3.520507e-06    0.0002746818       0.1313285       -33.12852
       970.7954        995.6635
              0               0               1       -2576.923
  -4.931595e-10    5.812849e-06     -0.02424607       -154.7638
  -1.306179e-08    -7.45118e-06      -0.0251243        -29.7469
      -2576.923       -2307.692
              0               0               0       -2307.692
  -4.384431e-07    3.340539e-05      -0.9946086       -135.0381
  -3.599592e-06     0.000280077       0.1041751       -40.14039
       1014.808        1040.805
              0               0               1       -2576.923
   4.538088e-10    5.764902e-06     -0.01982727       -130.1268
  -1.082383e-08   -6.470802e-06     -0.02351738       -33.12852
      -2576.923       -2307.692
