              0               0               0       -3557.692
   5.749293e-05    -0.003368479      -0.8974287        137.8433
   9.342854e-06     0.001157404      -0.3606883        4.109345
       561.5922        582.3922
              0               0               1       -3557.692
    2.90324e-09    2.789211e-07      0.02012187        118.2368
   5.563307e-09   -2.078575e-06    -0.001747904       -2.808163
      -3557.692       -3269.231
              0               0               0       -3269.231
   4.978424e-05    -0.003092201      -0.8955401        144.7824
   9.147066e-06    0.0009787511      -0.3672581         4.15028
       594.1768        616.1559
              0               0               1       -3557.692
   2.474763e-09    4.569172e-07      0.02371798        137.8433
   4.970761e-09   -7.939376e-07   -4.269038e-05        4.109345
      -3557.692       -3269.231
