              0               0               0        2115.385
   6.525238e-06   -0.0002412943       0.9800389       -101.4509
   6.852872e-06    -0.001338909       0.2380584         79.4937
        81.0314        108.0419
              0               0               1        2115.385
  -2.102946e-08    1.738898e-05     0.004872511       -75.02702
  -2.655119e-08    2.513705e-05     -0.02581497        85.08199
       2115.385        2403.846
              0               0               0        2403.846
   7.035624e-06   -0.0002136652       0.9707959       -97.69896
   8.349271e-06    -0.001430658       0.2742128        72.82516
        77.3831        103.1775
              0               0               1        2115.385
  -1.689574e-08    1.417054e-05      0.01032484       -101.4509
  -3.330931e-08     3.16685e-05     -0.02948108         79.4937
       2115.385        2403.846
