              0               0               0           -5000
   1.593485e-06    0.0002570066       0.9795176       -55.83695
  -1.774279e-05    -0.001221437       0.2013303        62.05375
       177.2618        192.0336
              0               0               1           -5000
   1.245992e-07   -7.942951e-05    -0.005748188       -41.30648
  -6.444431e-08    4.042911e-05     0.002925791        64.70405
          -5000       -4730.769
              0               0               0       -4730.769
   1.740773e-06    0.0002347946       0.9782899        -61.7974
  -1.529681e-05    -0.001096139       0.2070509        64.21172
       190.7548         206.651
              0               0               1           -5000
   1.524861e-07    -9.71659e-05    -0.007031743       -55.83695
  -5.739106e-08    3.564217e-05     0.002579367        62.05375
          -5000       -4730.769
