              0               0               0       -4134.615
   5.053713e-07   -7.160422e-05       0.9713786       -146.4503
  -2.207587e-06    0.0002929512       0.2375183        50.73916
       147.1494        165.5431
              0               0               1       -4134.615
   5.233375e-09   -2.306598e-06     -0.03467896       -128.6042
  -1.092718e-08    3.315136e-06      0.00328217        55.19337
      -4134.615       -3846.154
              0               0               0       -3846.154
   4.666322e-07    -6.71853e-05       0.9686899       -157.6294
  -1.933461e-06    0.0002625733       0.2482529        51.20395
       156.7284        176.3194
              0               0               1       -4134.615
   4.397372e-09   -1.915935e-06     -0.03856742       -146.4503
  -8.984201e-09    2.368867e-06     0.001675504        50.73916
      -4134.615       -3846.154
