              0               0               0       -710.2564
  -1.032232e-05    -0.001979189       0.7956422        93.45642
  -3.772173e-06    -0.002555328      -0.6051077        89.34665
       253.8271        267.1864
              0               0               1       -710.2564
  -1.172753e-07   -0.0003193432      0.06749838        103.7078
   8.473569e-07   -0.0004787104        0.191205        80.79777
      -710.2564       -597.4359
              0               0               0       -597.4359
  -5.126301e-05    -0.002833938       0.6587774        99.06726
  -1.927146e-05    -0.002504212      -0.7533516        107.8266
       248.7024         261.792
              0               0               1       -710.2564
  -6.583952e-08   -0.0004337722      0.09950887        93.45642
   8.591185e-07   -0.0005994651       0.2204959        89.34665
      -710.2564       -597.4359
