              0               0               0        369.2308
   1.315152e-05    -0.002932191      -0.8066672        83.17695
   1.746781e-05      0.00386186       -0.591267       -64.76024
      -242.8828       -228.5956
              0               0               1        369.2308
  -4.506488e-06   -0.0001830075      0.05657501        71.09174
  -1.090191e-06   -6.086005e-05     -0.04609793       -72.36856
       369.2308        484.6154
              0               0               0        484.6154
   1.108689e-05    -0.003211519      -0.7729221         80.9839
   1.371836e-05     0.003951568      -0.6347107       -71.32744
      -263.7555       -248.2405
              0               0               1        369.2308
  -4.554134e-06   -0.0001685756      0.06107652        83.17695
  -2.561258e-06    3.635739e-05     -0.02701123       -64.76024
       369.2308        484.6154
