              0               0               0       -369.2308
   1.388501e-05    -0.001551717      -0.9445196        54.80687
   5.949775e-06     0.004421001      -0.3289869       -82.56862
       485.0705        499.8307
              0               0               1       -369.2308
  -9.954641e-07    0.0003202886     -0.03092927        40.57222
  -1.758894e-06    0.0002306586      0.07088506       -86.44221
      -369.2308       -246.1538
              0               0               0       -246.1538
   1.825767e-05    -0.001582556      -0.9504192        52.81929
   2.189025e-06     0.004664727      -0.3112432        -74.1599
       471.8324        485.3159
              0               0               1       -369.2308
   -7.90499e-07    0.0003014924      -0.0412814        54.80687
  -1.885914e-06    0.0002868002       0.0615901       -82.56862
      -369.2308       -246.1538
