              0               0               0        3846.154
  -9.833755e-06    0.0004502421      -0.9673697       -55.31491
    1.60018e-05     0.001033556       0.2448866       -7.858748
      -79.32271       -59.49204
              0               0               1        3846.154
  -8.213646e-09    3.181318e-06      0.02113514       -74.39814
  -3.298488e-08    1.803791e-05     0.003767832       -2.471238
       3846.154        4134.615
              0               0               0        4134.615
  -1.424921e-05    0.0005119848      -0.9713731       -50.32638
   1.328873e-05      0.00123736       0.2276796       -5.401427
       -74.0915       -55.56862
              0               0               1        3846.154
  -6.172354e-09    2.179438e-06      0.01717849       -55.31491
  -4.371567e-08    2.376443e-05     0.005301171       -7.858748
       3846.154        4134.615
