              0               0               0       -2307.692
   -6.29527e-07    8.250238e-05      -0.9976218       -109.1479
   -1.03359e-05     0.001086177      0.06865687       -42.47772
       988.8115        1014.808
              0               0               1       -2307.692
   2.172026e-09     6.13144e-06     -0.01662441       -135.0381
   8.869901e-09   -1.521312e-05     -0.02935536       -40.14039
      -2307.692       -2038.462
              0               0               0       -2038.462
  -2.280058e-07    4.016091e-05      -0.9994591        -111.942
  -1.014827e-05     0.001075497      0.03151379       -50.41696
       1031.763        1058.888
              0               0               1       -2307.692
  -1.701742e-09    6.765141e-06       -0.012076       -109.1479
   8.104672e-09   -1.273592e-05     -0.02664716       -42.47772
      -2307.692       -2038.462
