              0               0               0       -942.3077
   -2.04816e-06    7.200539e-05        0.999165        13.09123
   7.067506e-06    -0.001902372      0.03871281        78.27344
       318.0925        337.9733
              0               0               1       -942.3077
   3.959346e-06   -0.0002946276       0.1292953        32.96778
   9.832656e-06   -0.0001677489      -0.1427359        78.34671
      -942.3077       -865.3846
              0               0               0       -865.3846
  -2.914922e-06   -7.640763e-05       0.9995689         25.9144
  -2.778878e-06    -0.001952009     -0.03547891        72.04153
       273.6364        290.7386
              0               0               1       -942.3077
   4.288206e-06   -0.0003095696       0.1651403        13.09123
   1.063151e-05   -0.0002363425       -0.125743        78.27344
      -942.3077       -865.3846
