              0               0               0               0
  -3.493804e-05    -0.002069779       0.8462638        77.60248
  -2.214119e-05     -0.00334391      -0.5332813         118.841
       231.8001        245.4354
              0               0               1               0
    8.52213e-07   -0.0001930834    -0.002967702        88.66816
   4.914449e-07    -0.000169678   -0.0007892645        110.8917
              0        153.8462
              0               0               0        153.8462
   4.578247e-06    -0.002655801       0.8455062        75.87791
   3.267215e-05    -0.004278148      -0.5336527        116.3866
       227.8639        241.2676
              0               0               1               0
   7.443118e-07   -0.0001697314    -0.002714042        77.60248
   5.537932e-07   -0.0001888856   -1.524406e-06         118.841
              0        153.8462
