              0               0               0       -484.6154
  -0.0003012987     0.007998508    -0.004555876         123.194
  -1.534102e-06    6.849728e-06      -0.9985527        29.28944
        335.998        351.7653
              0               0               1       -484.6154
  -1.142507e-06    0.0001614276      0.01198881        123.9296
   5.075797e-06    -0.001171457     -0.01193812        13.54071
      -484.6154       -369.2308
              0               0               0       -369.2308
  -8.587224e-05    -0.001572029     -0.02384681        126.6776
   1.382335e-05   -1.787518e-05      -0.9996543        19.07876
       352.2293        366.9895
              0               0               1       -484.6154
  -1.650326e-06    0.0003165542      0.01563761         123.194
    5.31444e-06    -0.001270326     -0.01267095        29.28944
      -484.6154       -369.2308
