              0               0               0        1538.462
   9.765419e-05    -0.006699122        1.098315       -161.7957
   4.825858e-05    -0.003971016       0.2427865        92.22655
       29.42492        58.84983
              0               0               1        1538.462
  -5.667179e-09    1.713131e-05    0.0009304061       -132.7902
  -4.873294e-07    0.0003630188      -0.1148362        97.16179
       1538.462        1826.923
              0               0               0        1826.923
   0.0001023881    -0.006663944        1.075585       -158.5551
   5.859711e-05    -0.004585913       0.3288425        75.60613
       28.19424        56.38848
              0               0               1        1538.462
   6.728181e-08      -3.375e-05      0.01537099       -161.7957
  -5.556941e-07    0.0004159832      -0.1313733        92.22655
       1538.462        1826.923
