              0               0               0        2980.769
  -4.858724e-08    1.379981e-05      -0.9876641          253.21
   3.374771e-07   -8.734662e-05       -0.156582       -10.69459
       -420.282        -396.933
              0               0               1        2980.769
  -4.608545e-09    -7.71277e-07     -0.03521254        230.1559
   2.124267e-08   -1.062309e-05       0.0188217       -14.39394
       2980.769        3269.231
              0               0               0        3269.231
  -4.592521e-08     1.57692e-05      -0.9853569        241.6353
   3.010414e-07   -9.142675e-05      -0.1705009       -5.521676
      -398.5773       -376.4341
              0               0               1        2980.769
  -4.818115e-09   -7.174522e-07     -0.03951746          253.21
   2.147978e-08   -1.150476e-05      0.01946411       -10.69459
       2980.769        3269.231
