              0               0               0       -711.5385
  -1.226411e-05    -0.001615213       0.9032187        70.57106
   -3.12064e-06    -0.003407945      -0.4284102        102.9748
       227.1333        240.4941
              0               0               1       -711.5385
  -9.749398e-06   -2.004056e-05       0.1478083        82.32119
   6.632145e-06   -0.0008658735       0.2294067         96.6351
      -711.5385       -634.6154
              0               0               0       -634.6154
  -2.898704e-06    -0.002586861          0.8391        78.10612
   1.674389e-05    -0.003946356      -0.5433414        120.3402
       233.4783        247.2123
              0               0               1       -711.5385
  -1.053233e-05   -9.755049e-05       0.1677811        70.57106
   4.953674e-06   -0.0008379005        0.260893        102.9748
      -711.5385       -634.6154
