              0               0               0       -935.8974
   1.906528e-07   -1.917451e-05      -0.9923055       -115.8889
   1.575707e-06   -0.0001552249       0.1237542       -11.06761
        805.154        824.7691
              0               0               1       -935.8974
   -1.45787e-06     0.000549108        0.360297        -135.359
  -6.532098e-06   -0.0007191289         0.20666        -8.68799
      -935.8974       -823.0769
              0               0               0       -823.0769
   7.577454e-07    6.946123e-05      -0.9707643       -74.74065
   2.700841e-06    0.0002732523       0.2401639        -7.71646
       637.4642        653.0121
              0               0               1       -935.8974
  -1.131703e-06    0.0005088875       0.3217149       -115.8889
  -6.441414e-06   -0.0007226622       0.1932238       -11.06761
      -935.8974       -823.0769
