              0               0               0        710.2564
  -0.0001494044      0.00201719      -0.2013783        140.0324
   2.813105e-05   -0.0003798126      -0.9783179        28.82225
      -337.5386       -324.0371
              0               0               1        710.2564
  -3.729466e-06     0.002095825       0.3912284        137.3135
    4.16926e-06    -0.001669973       0.2279783        15.61344
       710.2564        823.0769
              0               0               0        823.0769
  -3.536658e-05    0.0005078618        -0.84445        214.8993
   5.655817e-05   -0.0008121718      -0.5351065        33.74915
      -358.9984       -344.6385
              0               0               1        710.2564
  -6.304283e-06     0.002630317       0.4470834        140.0324
   5.347873e-06     -0.00201315       0.2027246        28.82225
       710.2564        823.0769
