              0               0               0        1048.718
  -7.030861e-06    0.0005541982      -0.9273428       -85.86259
   1.112824e-05    0.0009524429       0.3684664        4.239861
      -89.13081       -66.84811
              0               0               1        1048.718
  -1.102281e-06    0.0001601339      -0.1217204       -106.3289
   1.523932e-06   -2.585438e-05       0.0691178        13.04631
       1048.718        1161.538
              0               0               0        1161.538
  -4.030688e-06      0.00054125      -0.8831086       -96.60221
   8.772664e-06    0.0007291946       0.4646264        9.772058
      -105.5672       -79.17537
              0               0               1        1048.718
  -1.193712e-06     0.000168192     -0.09897345       -85.86259
   7.426021e-07     7.44334e-05      0.03118558        4.239861
       1048.718        1161.538
