              0               0               0        597.4359
    1.41596e-05    -0.002991193      -0.8216418        72.76269
    1.14167e-05     0.004358678      -0.5708113       -75.63866
      -251.6536       -237.6729
              0               0               1        597.4359
  -1.024819e-05      0.00296336     -0.02226621        60.72955
  -4.700504e-06     0.002226952      0.03440246       -82.73588
       597.4359        710.2564
              0               0               0        710.2564
  -6.966056e-06    -0.002136874      -0.8045396        92.48897
   3.535223e-05     0.002774612      -0.5942193       -49.82888
      -243.0278       -229.5263
              0               0               1        597.4359
   -9.17151e-06     0.002797334     -0.02401086        72.76269
  -6.859574e-06     0.002648136      0.01731627       -75.63866
       597.4359        710.2564
