              0               0               0        2846.154
  -7.837863e-06    0.0004273901      -0.9592475       -72.56534
   8.700843e-06    0.0008992678       0.2744259       -10.51536
      -95.62076       -71.71557
              0               0               1        2846.154
   5.086362e-09   -3.212957e-06      0.02208998       -95.35917
   -1.14256e-09    6.089836e-06    -0.002405297       -3.322405
       2846.154        3115.385
              0               0               0        3115.385
  -8.807329e-06    0.0004472877      -0.9635936       -67.72036
   8.888381e-06     0.001015914       0.2587624       -10.07855
      -91.13031       -68.34773
              0               0               1        2846.154
   4.662948e-09   -3.483985e-06      0.01859561       -72.56534
  -9.049844e-10    4.867513e-06    0.0003775751       -10.51536
       2846.154        3115.385
