              0               0               0       -2692.308
   7.258534e-06   -0.0003568271       0.9666633        107.9333
  -1.117689e-05   -0.0007387407      -0.2469397         73.6567
       512.9293        537.3545
              0               0               1       -2692.308
  -4.979413e-09   -5.187632e-07      0.01612239        131.4371
  -1.120509e-09    6.239357e-06       0.0156279        67.02156
      -2692.308       -2403.846
              0               0               0       -2403.846
   7.166626e-06   -0.0003420845       0.9728043        111.0906
  -7.505072e-06   -0.0008221073      -0.2216655        78.37117
       538.3511        563.9868
              0               0               1       -2692.308
   -4.44523e-09   -9.587147e-07      0.01159186        107.9333
  -2.109874e-09    5.200463e-06      0.01501893         73.6567
      -2692.308       -2403.846
