              0               0               0        3846.154
   2.088699e-06   -0.0001931032      -0.9690419        296.9365
  -7.828409e-06    0.0007698481      -0.2468892        9.765422
      -436.2749       -416.4442
              0               0               1        3846.154
   6.904253e-08   -3.638831e-05     -0.05431283        277.6601
  -3.345706e-07    0.0001720371      0.01290793        5.111139
       3846.154        4134.615
              0               0               0        4134.615
   5.381336e-06   -0.0002351582      -0.9796585        278.8149
  -2.608462e-05     0.001138647      -0.2001194        18.60103
      -407.5032       -388.9804
              0               0               1        3846.154
   6.299299e-08   -3.319383e-05     -0.05848822        296.9365
  -2.836414e-07    0.0001454747      0.01226806        9.765422
       3846.154        4134.615
