              0               0               0       -123.0769
   1.656944e-06    -0.001658242      -0.9068437         65.1379
   3.515901e-05     0.003550185      -0.4224025       -68.30509
         455.49        468.8903
              0               0               1       -123.0769
  -2.051247e-07    2.850569e-05     0.001700712        52.69219
   1.107628e-06   -0.0001324414      -0.0202211       -73.24329
      -123.0769               0
              0               0               0               0
   2.011124e-05    -0.002197588      -0.9037185        65.63216
  -1.288325e-06     0.004558794       -0.428205       -70.67846
       463.6116        477.2482
              0               0               1       -123.0769
  -2.977743e-07    3.628639e-05     0.004060529         65.1379
   1.099702e-06   -0.0001312424     -0.01978893       -68.30509
      -123.0769               0
