              0               0               0       -2692.308
   3.550314e-07   -6.567037e-05       0.9561843       -202.2195
  -1.222961e-06     0.000214647       0.2927503        45.75685
       195.4016        219.8268
              0               0               1       -2692.308
   3.877314e-09   -1.037489e-06     -0.03604734       -178.8985
   4.413433e-09   -1.328868e-05     -0.01106818        53.01757
      -2692.308       -2403.846
              0               0               0       -2403.846
   4.408356e-07   -7.331789e-05       0.9482298       -213.5579
  -1.376078e-06    0.0002192517       0.3175667        40.56304
       205.0861        230.7219
              0               0               1       -2692.308
   4.342044e-09   -6.189543e-07     -0.03948915       -202.2195
   5.452335e-09   -1.506199e-05      -0.0141141        45.75685
      -2692.308       -2403.846
