              0               0               0        935.8974
   2.770039e-08    1.729577e-05       -0.990779        214.2872
   1.090444e-07   -0.0001345046      -0.1354163        7.247387
      -364.5706       -346.3421
              0               0               1        935.8974
    3.09274e-06    -0.001018223       0.4918663        196.2327
   9.083426e-06     -0.00251387      -0.1236386        4.734914
       935.8974        1048.718
              0               0               0        1048.718
   1.479574e-07   -4.962942e-06      -0.9989329        265.4659
  -3.059024e-06    9.850288e-05     -0.04591838       -27.15955
      -445.6541       -423.3714
              0               0               1        935.8974
   3.159822e-06    -0.001051097       0.5319948        214.2872
   8.684525e-06     -0.00243959      -0.1402755        7.247387
       935.8974        1048.718
