              0               0               0       -1019.231
   5.163282e-07    -0.000155622      -0.9807567        17.06302
  -1.063438e-06    0.0007868421      -0.1950579       -27.17625
       769.9085        792.5235
              0               0               1       -1019.231
    9.82601e-07   -1.875926e-05      0.07262103        -5.19039
   -4.04923e-06    0.0005430852       0.1362247       -31.19736
      -1019.231       -942.3077
              0               0               0       -942.3077
   1.054016e-06   -0.0001146377      -0.9937658        20.48762
  -5.152519e-06     0.001026491       -0.111167       -17.50616
       675.6006        695.4429
              0               0               1       -1019.231
   1.113391e-06    -5.64194e-05      0.04227164        17.06302
  -3.368883e-06    0.0004622985       0.1100839       -27.17625
      -1019.231       -942.3077
