              0               0               0        557.6923
   -1.38923e-05     0.003871602       0.6709664         -58.103
  -1.465441e-05    -0.003452417       0.7417282        115.1985
       76.25346        88.96237
              0               0               1        557.6923
   4.372012e-06   -0.0003470122     -0.02736236       -48.97894
   2.178211e-06   -0.0007479714     -0.04204477        124.0373
       557.6923        634.6154
              0               0               0        634.6154
   2.064001e-05     0.002930177       0.6586242       -60.33279
  -3.864298e-05    -0.002611058       0.7533535        108.0272
       78.66828        91.77966
              0               0               1        557.6923
   3.875149e-06   -0.0003647582     -0.02385873         -58.103
   3.103744e-06   -0.0008354101     -0.04733016        115.1985
       557.6923        634.6154
