              0               0               0        2692.308
   0.0001246084    -0.006977927        1.029808       -139.7013
   9.283793e-05    -0.006123196       0.4523953        50.94396
       24.59146        49.18292
              0               0               1        2692.308
  -6.844509e-09    5.265206e-06      0.02045791       -116.7435
  -7.366675e-09    1.084293e-05     -0.01668899        59.74671
       2692.308        2980.769
              0               0               0        2980.769
   0.0001365131    -0.007267267        1.022273       -132.2429
   0.0001099256    -0.006798017       0.4737203        46.89293
       23.38177        46.76354
              0               0               1        2692.308
  -5.624039e-09    4.365967e-06      0.02506426       -139.7013
  -1.024899e-08     1.31245e-05     -0.01697666        50.94396
       2692.308        2980.769
