              0               0               0       -2846.154
   0.0001328844    -0.002281952       0.9083311        151.3373
  -0.0001036599    0.0008235133      -0.3312251        56.90512
       546.9966        570.7791
              0               0               1       -2846.154
   3.927224e-09   -3.185156e-06      0.02578542        173.4364
  -1.930828e-09    8.698209e-06      0.01380498        48.09917
      -2846.154       -2576.923
              0               0               0       -2576.923
   0.0001236354    -0.002183138        0.915165        156.8758
  -9.552337e-05    0.0008303395      -0.3109554        61.11391
       572.8297        597.7354
              0               0               1       -2846.154
   5.521235e-09    -4.07456e-06      0.02126855        151.3373
   1.368798e-09    6.135923e-06      0.01388148        56.90512
      -2846.154       -2576.923
