              0               0               0        711.5385
  -4.404284e-05    -0.003745071      -0.2440673        137.8764
   3.122159e-05    0.0009842635      -0.9710316        15.68371
       -323.872       -310.3773
              0               0               1        711.5385
  -3.507242e-07     0.001890331       0.3080234        133.7926
  -1.308715e-05      0.00261823       0.0122362        2.835932
       711.5385        788.4615
              0               0               0        788.4615
  -3.845141e-05    -0.001189444      -0.6850435        178.1993
   4.508873e-05     0.001147307       -0.729138        22.95222
      -328.1386       -314.4661
              0               0               1        711.5385
  -1.200749e-07     0.001854936       0.3822203        137.8764
  -1.395403e-05     0.002551871     -0.01923901        15.68371
       711.5385        788.4615
