              0               0               0        3269.231
  -4.592521e-08     1.57692e-05      -0.9853569        241.6353
   3.010414e-07   -9.142675e-05      -0.1705009       -5.521676
      -398.5773       -376.4341
              0               0               1        3269.231
   2.639326e-08   -4.759441e-06     -0.03680794        219.8236
  -1.404124e-07    7.759995e-06       0.0179958        -9.33867
       3269.231        3557.692
              0               0               0        3557.692
   -7.86647e-08    9.129791e-06      -0.9833081        230.0393
   4.348173e-07   -4.967458e-05      -0.1819424       -3.042886
      -377.0787       -356.1299
              0               0               1        3269.231
   2.817223e-08   -4.886975e-06     -0.04113412        241.6353
  -1.398741e-07    7.083518e-06      0.01818875       -5.521676
       3269.231        3557.692
