              0               0               0        710.2564
   0.0002787063    -0.007518416       0.2459624        137.3988
   6.963886e-05    -0.001878586      -0.9677552        42.04627
       323.7135        337.2015
              0               0               1        710.2564
  -6.304283e-06     0.002630317       0.4470834        140.0324
   5.347873e-06     -0.00201315       0.2027246        28.82225
       710.2564        823.0769
              0               0               0        823.0769
   -3.70937e-05      0.00106265       0.9349776        201.3978
   -0.000101864     0.002918173      -0.3531843        38.50875
       343.7728        358.0966
              0               0               1        710.2564
  -2.598962e-06     0.001933895       0.3821623        137.3988
   7.470584e-06     -0.00249861       0.1554501        42.04627
       710.2564        823.0769
