              0               0               0        307.6923
   1.631996e-05     0.001927622       -0.905444       -26.81166
   -1.58871e-06     0.004084993       0.4255463       -70.08781
      -122.1894       -108.6128
              0               0               1        307.6923
   1.072099e-06   -0.0002900381     -0.03256911       -38.70836
    9.22239e-07   -0.0001638437      -0.0331709       -63.56135
       307.6923        461.5385
              0               0               0        461.5385
   7.805463e-06     0.002483638      -0.8627098       -33.94824
  -1.304449e-05     0.004184301       0.5055207       -77.96496
      -139.3322       -123.8508
              0               0               1        307.6923
   8.880885e-07   -0.0002547426     -0.02821646       -26.81166
   1.162988e-06    -0.000238714     -0.04200254       -70.08781
       307.6923        461.5385
