              0               0               0       -3653.846
   3.353488e-07   -3.673763e-05      -0.9988586       -24.67381
   2.995737e-06    0.0007500842      -0.0480207       -25.73134
       714.2864        734.7456
              0               0               1       -3653.846
  -4.639013e-09    2.988795e-06     -0.01138047       -45.12212
    -1.9557e-07    9.253772e-05    -0.009419979       -26.37418
      -3653.846       -3384.615
              0               0               0       -3384.615
   6.148134e-07   -1.954419e-05      -0.9997616       -26.56412
   8.910965e-06    0.0007536797     -0.02396728       -25.94092
        753.274         774.772
              0               0               1       -3653.846
  -2.722036e-10    8.863298e-07    -0.007240028       -24.67381
  -1.565382e-07    7.490046e-05    -0.009597256       -25.73134
      -3653.846       -3384.615
