              0               0               0        3269.231
  -4.061783e-06    9.121841e-05      -0.9825452        350.7562
   2.221688e-05    -0.000486597       -0.185907        13.16818
      -509.2933       -487.1501
              0               0               1        3269.231
   2.603572e-08   -4.253349e-06      -0.0582309        329.0001
  -9.532311e-08   -4.130578e-07      0.01825272        9.054236
       3269.231        3557.692
              0               0               0        3557.692
  -4.052696e-06    4.703578e-05      -0.9779156        332.9765
   2.005387e-05   -0.0002224856       -0.208937         16.2873
      -481.8228       -460.8739
              0               0               1        3269.231
   2.228029e-08   -3.644338e-06     -0.06243873        350.7562
  -7.342199e-08   -3.627652e-06      0.01796882        13.16818
       3269.231        3557.692
