              0               0               0        4461.538
  -1.709519e-06    1.157392e-06      -0.9773775        142.1839
    7.17126e-06    3.815612e-06      -0.2114125       -3.023825
      -257.2985       -240.1453
              0               0               1        4461.538
  -4.052517e-08     4.07333e-06     -0.02337329        125.4104
   1.756102e-09    6.563022e-06     0.008755025       -6.612916
       4461.538        4730.769
              0               0               0        4730.769
  -2.796976e-06    4.859038e-06      -0.9758995        134.2806
   1.345958e-05    -2.97256e-05      -0.2182953      -0.2933328
      -240.5217       -224.4869
              0               0               1        4461.538
   -4.81959e-08    5.380298e-06     -0.02731005        142.1839
  -4.605367e-10    7.325395e-06     0.008202988       -3.023825
       4461.538        4730.769
