              0               0               0        484.6154
   8.252253e-06     0.003777467      -0.5437356        -68.3334
  -9.232283e-06     0.002406905       0.8394008       -46.03794
      -93.09017       -77.57514
              0               0               1        484.6154
   1.538899e-06    0.0001945325     -0.05645148       -75.82935
  -4.264693e-06    8.603157e-05      0.09828409       -32.46971
       484.6154        597.4359
              0               0               0        597.4359
  -1.838356e-05     0.004420425      -0.4794597       -71.62281
  -1.955861e-05      0.00233777       0.8772779       -39.07895
      -83.88455       -69.90379
              0               0               1        484.6154
   2.740924e-06    0.0001329798     -0.07904674        -68.3334
  -4.819303e-06    0.0003135408      0.08765051       -46.03794
       484.6154        597.4359
