              0               0               0        1161.538
    1.12522e-06    7.862827e-05       0.8798639        250.3903
   2.207252e-06    0.0001445094      -0.4752065        2.281311
       449.2611        475.6882
              0               0               1        1161.538
  -9.530402e-06    0.0003911847       0.4457148        273.7182
   1.495319e-05    -0.001248157      -0.4037456       -10.13537
       1161.538        1274.359
              0               0               0        1274.359
   2.467631e-07    0.0001115926       0.8256495        290.0222
   3.774126e-07    0.0001642151        -0.56416       -33.06865
       518.1299        548.6081
              0               0               1        1161.538
  -9.293909e-06    0.0004079775       0.4235522        250.3903
   1.324443e-05    -0.001095087      -0.3583622        2.281311
       1161.538        1274.359
