              0               0               0        1019.231
  -4.982468e-06     0.000293971       0.9634474        274.7537
   -2.10809e-05     0.001110733      -0.2668619        7.747388
       446.1966        467.4441
              0               0               1        1019.231
  -1.247678e-06    0.0001355996       0.5250395        295.3094
   1.105577e-06   -0.0008048941      -0.3029039        2.376483
       1019.231        1096.154
              0               0               0        1096.154
  -6.482489e-06    0.0003702323       0.9416201        313.2076
  -2.048839e-05     0.001078014      -0.3357227       -17.46319
       504.0299        528.0313
              0               0               1        1019.231
  -1.108762e-06    0.0001257859       0.4967866        274.7537
   2.040788e-06   -0.0009358864      -0.2678219        7.747388
       1019.231        1096.154
