              0               0               0       -4423.077
  -2.529781e-06    2.716136e-05       0.9998857       -17.57195
   6.955328e-06    -0.002257836       0.0165739        73.11855
       257.7932        274.9794
              0               0               1       -4423.077
  -4.107305e-09    4.196071e-07    -0.005741194      -0.3925257
  -4.878561e-09    8.084122e-07      0.01068167        72.77182
      -4423.077       -4134.615
              0               0               0       -4134.615
  -2.279404e-06    3.565725e-05       0.9998012       -20.50021
   -5.86815e-06    -0.001768761      0.02402951        75.99618
       275.9052        294.2988
              0               0               1       -4423.077
  -3.856811e-09    3.790452e-07      -0.0099397       -17.57195
   6.657015e-10   -6.948325e-07      0.01012081        73.11855
      -4423.077       -4134.615
