              0               0               0           -5000
   8.120546e-07    2.927742e-05      -0.9997624       -13.69274
   4.204614e-06     0.001312945      0.01776717       -7.745838
       516.8018        531.5525
              0               0               1           -5000
   8.888083e-08   -5.629561e-05    -0.004074024        -28.4309
   7.410723e-08   -4.783776e-05    -0.003461943       -7.184593
          -5000       -4730.769
              0               0               0       -4730.769
    1.37568e-06    1.033746e-05      -0.9999646       -16.00941
   1.227741e-05     0.001038491      0.01153516       -10.63182
       556.1367        572.0098
              0               0               1           -5000
   5.999208e-08   -3.791964e-05    -0.002744184       -13.69274
   7.254546e-08   -4.677359e-05    -0.003384931       -7.745838
          -5000       -4730.769
