              0               0               0        307.6923
   1.436365e-05    -0.004255305      -0.3821446        120.0175
   9.290881e-06     0.001730642      -0.9242634       -12.30945
      -298.6852       -285.1086
              0               0               1        307.6923
  -9.342456e-07     7.34364e-05      0.01937257        114.0808
  -5.588256e-07    0.0002556353      0.01113175       -24.51555
       307.6923        461.5385
              0               0               0        461.5385
   1.094283e-05    -0.004590891      -0.1359448        118.5618
   7.482691e-06     0.000749551       -0.991359       -3.647136
      -340.5898       -325.1084
              0               0               1        307.6923
  -6.815507e-07   -2.210545e-05       0.0100703        120.0175
   -1.00062e-06    0.0003657723      0.02371567       -12.30945
       307.6923        461.5385
