              0               0               0        3115.385
   1.865113e-06    8.462525e-05       0.9757062        292.2121
   1.246027e-05    0.0003337617      -0.2196824        32.50441
        456.375        479.1938
              0               0               1        3115.385
   5.100117e-09   -1.702835e-06     -0.05422949        314.5427
    1.68144e-09   -9.280442e-06      0.01420151        27.81337
       3115.385        3384.615
              0               0               0        3384.615
   1.901896e-06    8.545233e-05       0.9782371        278.6303
   1.397109e-05    0.0003520854      -0.2081403         35.2052
       434.0168        455.7177
              0               0               1        3115.385
   6.341529e-09   -1.847382e-06     -0.05040887        292.2121
   3.240865e-09   -8.890416e-06      0.01219019        32.50441
       3115.385        3384.615
