              0               0               0        597.4359
  -2.910686e-05      0.00252331       0.8903919       -29.38908
   3.782832e-05    -0.005190074        0.454168        135.6216
       114.2671        128.5505
              0               0               1        597.4359
   1.164966e-05     -0.00179965     -0.01867296       -16.24129
   2.146993e-06    -0.001317467     -0.07261129        141.1601
       597.4359        710.2564
              0               0               0        710.2564
    2.40623e-06     0.001855712       0.8673116       -36.56735
  -3.093096e-05    -0.003257262       0.4991283        113.2181
       107.9045        121.3925
              0               0               1        597.4359
   1.017939e-05    -0.001524503     -0.02119841       -29.38908
   3.341096e-06    -0.001467977     -0.07548632        135.6216
       597.4359        710.2564
