              0               0               0       -3384.615
  -1.419702e-06    6.104166e-05      -0.9829638       -323.6124
  -6.640198e-06    0.0002855028       0.1828027        19.40037
       1054.247        1075.745
              0               0               1       -3384.615
   7.743796e-10     1.77234e-07     -0.07055407       -344.7301
  -1.440308e-09   -1.054409e-05     -0.01337098        23.39625
      -3384.615       -3115.385
              0               0               0       -3115.385
   -1.20233e-06    5.440212e-05      -0.9843369       -341.4421
  -4.453896e-06    0.0002015266       0.1744936        15.00472
       1109.363        1131.986
              0               0               1       -3384.615
   1.676989e-08   -9.799457e-06     -0.06480195       -323.6124
   6.763941e-08   -5.366456e-05    -0.006781411        19.40037
      -3384.615       -3115.385
