              0               0               0           -5000
   1.152696e-06   -2.173162e-05      -0.9998737        1.057079
   5.170262e-06     0.001084151     -0.01759154       -7.738836
       502.0512        516.8018
              0               0               1           -5000
  -1.716055e-10    1.459415e-06    -0.009339593       -13.69274
   1.241148e-08   -1.110511e-05    -0.008561532       -7.745838
          -5000       -4711.538
              0               0               0       -4711.538
    7.68995e-07   -2.863242e-05      -0.9996658      -0.3242038
  -1.398255e-06      0.00112824     -0.02431317       -10.73518
       542.9918        558.9383
              0               0               1           -5000
  -4.151612e-10    1.724442e-06    -0.005251336        1.057079
   1.032203e-08   -9.144742e-06    -0.008608305       -7.738836
          -5000       -4711.538
