              0               0               0       -1826.923
   3.284963e-08   -1.847801e-06      -0.9997129       -280.7933
   9.049107e-07     -6.9895e-05      0.02407352       -53.23425
       1232.785         1260.78
              0               0               1       -1826.923
  -2.567255e-07    6.684284e-05     -0.02342936       -308.7807
  -7.575847e-07    7.545745e-05     -0.05900103       -52.59524
      -1826.923       -1538.462
              0               0               0       -1538.462
  -3.536303e-08    3.270231e-06       -0.998712       -286.9429
   9.060924e-07   -6.786789e-05     -0.05078035        -80.0002
       1287.413        1316.649
              0               0               1       -1826.923
  -2.238394e-07    6.050355e-05     -0.02014584       -280.7933
  -7.010821e-07    7.063958e-05     -0.05482835       -53.23425
      -1826.923       -1538.462
