              0               0               0        2115.385
   4.255863e-07    7.546228e-05      -0.9916704        69.68084
   1.355709e-06     0.000565019        0.129082       -44.88176
      -269.6359       -242.6723
              0               0               1        2115.385
   9.685654e-09   -1.152502e-05     0.007255789        43.00505
   1.855558e-08   -1.454999e-05      0.01635649       -40.96388
       2115.385        2403.846
              0               0               0        2403.846
   3.245669e-07    5.950064e-05      -0.9958014        69.97412
    8.21582e-07    0.0006193879      0.09179171       -39.80005
      -257.5572       -231.8015
              0               0               1        2115.385
   7.634945e-09   -1.056739e-05     0.003429683        69.68084
   2.597544e-08   -2.181993e-05      0.02174938       -44.88176
       2115.385        2403.846
