              0               0               0               0
   4.432916e-05      -0.0053974       0.2546552        124.7722
   2.265493e-05    -0.001417067      -0.9660774        54.34323
       313.6118        327.2471
              0               0               1               0
   5.506019e-07   -0.0001058804    -0.002024113        127.3534
  -4.603593e-07    6.769898e-05      -0.0016118        40.96444
              0        153.8462
              0               0               0        153.8462
   9.854591e-06    -0.004740258       0.2891743        123.4927
   1.725267e-05    -0.001438372      -0.9570792        53.68783
       308.2864        321.6902
              0               0               1               0
   7.295471e-07   -0.0001520104    -0.002197613        124.7722
  -2.944004e-07    2.706236e-05    -0.001455487        54.34323
              0        153.8462
