              0               0               0       -2115.385
  -7.921719e-05     0.003806241      -0.8907333        196.9808
  -9.896814e-05     0.008423822      -0.6872001        27.86228
       697.8943        724.6947
              0               0               1       -2115.385
   -4.10396e-08    7.505286e-06      0.02721513        174.3178
  -7.430918e-08    3.333173e-05      0.02296261        13.59048
      -2115.385       -1826.923
              0               0               0       -1826.923
  -6.440832e-05     0.003043698      -0.8532169        204.7211
  -9.509408e-05     0.008219085      -0.7288143        37.25213
       728.8805        756.8752
              0               0               1       -2115.385
  -4.368889e-08    6.280289e-06      0.02865662        196.9808
  -8.591412e-08     3.73281e-05      0.02893268        27.86228
      -2115.385       -1826.923
