              0               0               0        1048.718
   4.820556e-07    5.773747e-05       0.9937367       -51.73939
  -1.292129e-06   -0.0008999648       0.1172716        83.72166
       111.5917        133.9101
              0               0               1        1048.718
   6.189634e-07    0.0001221833      0.06401837       -29.52671
   3.301055e-06    -0.000752884       0.1535948        85.87633
       1048.718        1161.538
              0               0               0        1161.538
   2.628639e-07   -3.462589e-05        1.000576       -46.28309
  -1.344798e-06   -0.0007258997     0.008967674        98.65713
       132.1356        158.5627
              0               0               1        1048.718
    4.57468e-07    0.0001271296      0.02819694       -51.73939
    3.47796e-06    -0.000697241       0.1667765        83.72166
       1048.718        1161.538
