              0               0               0        2692.308
   2.119034e-06    7.616161e-05       0.9695425        313.3931
   1.168308e-05    0.0002647809       -0.245492        25.11628
       491.8292        516.4207
              0               0               1        2692.308
  -3.239307e-09    1.236185e-06      -0.0537847        337.3131
   1.510895e-08   -2.391477e-05      0.02746767        19.41314
       2692.308        2980.769
              0               0               0        2980.769
   1.517647e-06    9.589837e-05       0.9741914        298.9733
   1.042095e-05    0.0003729837      -0.2262727        30.66275
       467.6354        491.0172
              0               0               1        2692.308
  -3.288524e-09    1.559152e-06     -0.05016482        313.3931
   1.539663e-08   -2.283741e-05      0.02453432        25.11628
       2692.308        2980.769
