              0               0               0            1250
  -3.432523e-08   -5.430171e-06      -0.9887101        259.8853
  -2.069464e-07    -3.59964e-05       0.1496577       -106.7297
      -509.6043       -479.6276
              0               0               1            1250
   1.331879e-06   -0.0009759592       0.1972965        230.2412
  -3.483514e-06     0.002374581      -0.3150946       -102.2814
           1250        1538.462
              0               0               0        1538.462
   1.794758e-09   -3.143975e-06      -0.9984732        267.2446
   2.535663e-08   -5.724813e-05      0.05522618       -80.77292
      -499.3545       -469.9807
              0               0               1            1250
   1.574841e-06    -0.001148311       0.2257132        259.8853
  -3.807528e-06      0.00259274      -0.3410975       -106.7297
           1250        1538.462
