              0               0               0        1048.718
   1.302282e-07    0.0001324699       0.9371682        247.6363
     6.7984e-08    0.0003631991      -0.3487369        13.39273
       424.0486        446.3669
              0               0               1        1048.718
   1.003927e-06    2.325682e-05       0.4491141        268.6198
  -2.717757e-06   -0.0006485656      -0.2422263        5.791172
       1048.718        1161.538
              0               0               0        1161.538
  -1.074262e-07    0.0001634492       0.8951322        297.2588
  -3.080674e-07     0.000333064      -0.4456985       -22.14335
       502.1154        528.5425
              0               0               1        1048.718
   1.060819e-06    1.528338e-05        0.424609        247.6363
  -1.962739e-06    -0.000743133      -0.2061556        13.39273
       1048.718        1161.538
