              0               0               0       -1769.231
  -2.918092e-07   -0.0001130758       -0.982708          -28.84
   3.780557e-06    0.0005921484      -0.1852492       -51.18692
       989.1352        1017.367
              0               0               1       -1769.231
  -2.412865e-07    5.890919e-05      0.01459387       -56.68035
   4.074465e-08   -2.120001e-05     -0.03067369       -55.85982
      -1769.231           -1500
              0               0               0           -1500
  -6.079736e-07   -0.0001470127      -0.9662457       -24.66176
    3.83204e-06    0.0005454337      -0.2577719       -57.85485
       1029.449        1058.826
              0               0               1       -1769.231
  -2.786272e-07    6.371159e-05      0.01856238          -28.84
  -7.935184e-09   -6.901761e-06     -0.02233325       -51.18692
      -1769.231           -1500
