              0               0               0       -2403.846
  -1.140179e-06    4.444101e-05       0.9994081       -16.00292
   5.080716e-07    -0.001322648      0.03469103        92.13054
       410.1722         435.808
              0               0               1       -2403.846
  -1.445706e-08   -3.425286e-06    -0.007882479        9.627671
   1.279465e-09   -1.442212e-06     0.009464019         92.1592
      -2403.846       -2115.385
              0               0               0       -2115.385
   -1.24178e-06    9.953716e-05       0.9973754       -20.09916
   3.082421e-06    -0.001386254      0.07119943        93.82794
       429.5002        456.3439
              0               0               1       -2403.846
  -1.586178e-08   -2.950141e-06     -0.01202946       -16.00292
  -5.206566e-09   -1.943859e-06     0.006878283        92.13054
      -2403.846       -2115.385
