              0               0               0       -2038.462
   7.018222e-07   -9.679152e-05      -0.9957703       -57.75456
   2.849234e-06      0.00100191     -0.09176676       -48.74652
       977.5131        1004.638
              0               0               1       -2038.462
   6.246221e-08    2.908384e-06     -0.00494864       -84.82186
  -3.578325e-08   -6.010296e-06     -0.02784411       -50.44165
      -2038.462       -1769.231
              0               0               0       -1769.231
   4.167166e-07   -0.0001377907      -0.9897905       -56.68035
   4.058283e-06    0.0009123447      -0.1427746       -55.85982
       1017.367        1045.599
              0               0               1       -2038.462
   7.251446e-08    3.398167e-07    -0.001357787       -57.75456
   -2.00708e-08   -4.988979e-06     -0.02362281       -48.74652
      -2038.462       -1769.231
