              0               0               0        634.6154
  -4.862402e-05    -0.002608752       0.7709573        81.26642
  -2.450018e-05    -0.003173417       -0.638345        120.8939
       236.0048        249.1162
              0               0               1        634.6154
  -5.095043e-06     0.001034252      0.09410417        90.81667
   3.036224e-06   -0.0009126644      -0.1294137        111.9236
       634.6154        711.5385
              0               0               0        711.5385
  -3.382767e-05    -0.001669308       0.8227526        91.15136
  -3.124961e-05    -0.002383221      -0.5689981        106.1303
       242.6478        256.1282
              0               0               1        634.6154
    -4.8878e-06    0.0009617333      0.08344655        81.26642
   2.223941e-06   -0.0009787509      -0.1297984        120.8939
       634.6154        711.5385
