              0               0               0            1500
   1.245818e-06    9.069804e-05      -0.9944368        149.1677
   2.909236e-06    0.0009244241       0.1051364       -76.01273
      -383.3796       -353.8889
              0               0               1            1500
   8.329944e-08   -7.410338e-05      0.02617822        119.9519
  -1.410731e-07    7.047344e-05      0.03409097       -72.03359
           1500        1769.231
              0               0               0        1769.231
   1.038838e-06    2.171852e-05      -0.9995559        151.5917
   2.829869e-06    0.0009702531      0.02863371       -62.15986
      -369.0894       -340.6979
              0               0               1            1500
    1.04557e-07   -8.906103e-05      0.02540238        149.1677
  -1.585824e-07    7.560592e-05      0.04259295       -76.01273
           1500        1769.231
