              0               0               0           -1250
   1.428416e-07   -0.0002306209      -0.9083556        39.05635
   2.114643e-07    0.0004997782      -0.4181832       -41.59512
       1008.725        1039.254
              0               0               1           -1250
   1.167927e-06   -0.0001185282      0.01206499        11.11465
   3.135973e-06    0.0002962111      0.03300887       -53.88986
          -1250       -1173.077
              0               0               0       -1173.077
   3.060472e-07   -0.0002308166      -0.9244056         38.5349
  -7.553991e-08     0.000558613      -0.3814259        -37.7012
       946.5737        975.2188
              0               0               1           -1250
   8.431034e-07   -0.0001770931     0.001854975        39.05635
   2.801056e-06    0.0001510706      0.02242592       -41.59512
          -1250       -1173.077
