              0               0               0        3846.154
  -3.195205e-06     0.000233466       0.9947892        314.1047
  -2.748152e-05     0.002805691     -0.09275245        28.84104
       454.1966        473.9442
              0               0               1        3846.154
   2.303106e-10   -2.023917e-07     -0.06655946        333.8159
  -3.473008e-10   -2.339826e-06     0.008359722         27.8919
       3846.154        4134.615
              0               0               0        4134.615
  -3.477757e-06    0.0002268002       0.9955293        296.0804
   -3.53432e-05     0.003138657     -0.08423114         30.8084
       426.6819        445.2333
              0               0               1        3846.154
   6.457983e-10   -3.899743e-07     -0.06242529        314.1047
   2.644507e-09   -3.153404e-06     0.007509747        28.84104
       3846.154        4134.615
