              0               0               0       -788.4615
  -9.174965e-06   -0.0009078608       0.8699908        110.1896
  -4.614497e-05    -0.001256533      -0.4906184        59.72772
        303.155         317.591
              0               0               1       -788.4615
  -1.529951e-07    0.0002134216     -0.03067899        122.5319
  -7.059196e-06    0.0008262536      0.08747456         52.2445
      -788.4615       -711.5385
              0               0               0       -711.5385
   2.090925e-05    -0.003382368       0.6656714        113.0252
   2.021726e-05    -0.002931112      -0.7453688        71.08301
       280.5765        293.9372
              0               0               1       -788.4615
  -4.274665e-07    0.0002168583      0.02271163        110.1896
   -7.81011e-06    0.0009162685       0.1233502        59.72772
      -788.4615       -711.5385
