              0               0               0           -1500
  -7.111458e-08    5.208095e-06       -0.998032       -287.1545
   1.300011e-06    -8.59361e-05     -0.06274093       -84.19304
       1293.846        1323.224
              0               0               1           -1500
  -1.353672e-06    0.0001308514     0.000825194       -316.4715
  -3.872272e-06    0.0001280049     -0.09436833       -86.07742
          -1500       -1387.179
              0               0               0       -1387.179
  -1.458207e-07    9.461164e-06      -0.9948456       -287.2938
   1.539571e-06   -9.471296e-05      -0.1014192       -97.61872
       1310.374        1339.894
              0               0               1           -1500
  -9.925891e-07    0.0001004067    7.150458e-05       -287.1545
  -3.576257e-06    0.0001193734     -0.08694779       -84.19304
          -1500       -1387.179
