              0               0               0        3557.692
   5.467643e-05   -0.0001843784      -0.9626098       -80.33414
  -1.196015e-05      0.00179792       0.3008051       -2.799488
      -62.84645       -41.89763
              0               0               1        3557.692
   4.943761e-09   -4.759099e-07      0.02398994       -100.0779
   1.957046e-08   -4.514859e-06   -0.0004082585        4.181091
       3557.692        3846.154
              0               0               0        3846.154
   5.539595e-05    -0.000134788      -0.9611141       -74.39814
  -2.509927e-05     0.001985535       0.3047572       -2.471238
      -59.49204       -39.66136
              0               0               1        3557.692
   4.334514e-09   -5.697036e-07      0.02038178       -80.33414
   3.092587e-08   -8.724864e-06     0.001081376       -2.799488
       3557.692        3846.154
