              0               0               0        3923.077
   1.351044e-05   -0.0002534391       0.9472525       -71.04891
   1.144578e-05    -0.001668306       0.3476405        53.92146
       58.29096        77.72128
              0               0               1        3923.077
   2.019028e-09    1.464709e-06       0.0133568       -52.64007
  -9.494842e-09    1.869894e-06    -0.007019587        60.13034
       3923.077        4192.308
              0               0               0        4192.308
   1.229781e-05   -0.0001175019       0.9429656       -66.20197
   1.860498e-05    -0.002067146       0.3586279        52.20248
        54.9355        73.24734
              0               0               1        3923.077
   2.636007e-09    1.206254e-06      0.01748708       -71.04891
  -9.598053e-09    2.558054e-06     -0.00637776        53.92146
       3923.077        4192.308
