              0               0               0           -1500
  -1.238045e-07    1.553523e-05       -0.999088       -404.4446
   6.054807e-06   -0.0003725979     -0.04270684       -91.24642
       1411.356        1440.734
              0               0               1           -1500
  -2.810922e-06    0.0002530057     0.003618783       -433.7851
  -5.028565e-06    0.0001604175      -0.1240081       -92.66909
          -1500       -1387.179
              0               0               0       -1387.179
  -4.678741e-07    3.652422e-05      -0.9966933       -404.7908
   7.591717e-06   -0.0004551141     -0.08136053        -109.236
       1428.452        1457.972
              0               0               1           -1500
  -2.439707e-06    0.0002220904     0.002929235       -404.4446
  -4.779201e-06    0.0001555919      -0.1161754       -91.24642
          -1500       -1387.179
