              0               0               0       -2576.923
   -7.36135e-07   -6.251205e-05       0.9987996        10.85789
   1.899449e-06    -0.001240212     -0.04852752         90.4664
       423.3959        448.3015
              0               0               1       -2576.923
  -1.329412e-08   -9.043689e-07    -0.002410142        35.68349
   1.020606e-09    7.893675e-07      0.01163001        88.51785
      -2576.923       -2307.692
              0               0               0       -2307.692
  -6.934147e-07   -2.925381e-05       0.9997792        8.713284
   2.201736e-06    -0.001209155     -0.02139147        93.06373
       442.5804        468.6145
              0               0               1       -2576.923
  -1.326537e-08   -9.795407e-07    -0.006740425        10.85789
   -2.51667e-10   -5.977792e-07      0.00982641         90.4664
      -2576.923       -2307.692
