              0               0               0            1250
   -5.77874e-06    0.0002864626       0.9376604        468.6307
  -1.147749e-05    0.0007322334      -0.3486118       -132.9469
       720.6724        750.7005
              0               0               1            1250
    3.50909e-06    -0.002520844       0.4523036        496.8887
  -6.420437e-06     0.004351905      -0.5512869       -143.0655
           1250        1538.462
              0               0               0        1538.462
  -4.687822e-06    0.0002146978       0.9664801        473.3246
  -1.202888e-05    0.0007626501      -0.2579236       -86.84199
        706.198        735.6229
              0               0               1            1250
   3.331227e-06     -0.00239241       0.4291986        468.6307
  -6.060058e-06     0.004107672      -0.5208172       -132.9469
           1250        1538.462
