              0               0               0        4192.308
   7.058186e-05   -0.0002392316      -0.9672801       -67.18318
  -1.518689e-05     0.002027539       0.2851563      -0.4211776
      -54.86419       -36.57613
              0               0               1        4192.308
  -2.127034e-08    4.852018e-06      0.02536861       -84.52116
    8.37779e-09   -3.773194e-06     0.002795624        5.379006
       4192.308        4461.538
              0               0               0        4461.538
    8.59117e-05   -0.0003114172      -0.9696972       -61.46307
  -2.527217e-05      0.00229582       0.2797855       0.6744859
       -51.4597       -34.30647
              0               0               1        4192.308
  -2.002243e-08    4.784704e-06      0.02140925       -67.18318
   6.446248e-09   -3.827317e-06     0.004632781      -0.4211776
       4192.308        4461.538
