              0               0               0       -1274.359
  -1.268814e-06    0.0004541391        0.930153       -70.70194
   8.340867e-07    -0.001160628       0.3671905        80.77296
       458.2356        488.7847
              0               0               1       -1274.359
  -2.275727e-06     0.001298972     -0.01335763       -41.89901
   1.373507e-07     3.02081e-05     -0.01911414        90.93091
      -1274.359       -1161.538
              0               0               0       -1161.538
  -1.129708e-06    0.0004235027       0.9459428       -57.11872
  -2.676016e-08    -0.001249087       0.3245712        81.19942
       422.8693        451.0606
              0               0               1       -1274.359
  -2.241746e-06     0.001380564    -0.006825242       -70.70194
  -3.274884e-07    0.0002760941     -0.02320072        80.77296
      -1274.359       -1161.538
