              0               0               0        3923.077
   4.474038e-07    7.399819e-05        0.969179        194.8603
   2.063729e-06    0.0002906126      -0.2463425         51.0897
       330.3154        349.7458
              0               0               1        3923.077
  -6.162169e-09    1.858473e-06     -0.04259912         213.723
   9.006256e-10   -1.014185e-06    0.0004417998        46.42805
       3923.077        4192.308
              0               0               0        4192.308
   3.044062e-07    7.701635e-05        0.971534        184.4502
   1.525839e-06    0.0003166917      -0.2368749        50.71311
       311.3012         329.613
              0               0               1        3923.077
  -5.538065e-09    1.903676e-06     -0.03877729        194.8603
   1.592471e-09   -9.197281e-07    -0.001266605         51.0897
       3923.077        4192.308
