              0               0               0       -935.8974
   5.726702e-05    -0.003309299      -0.8848608        153.8935
   2.624985e-05    0.0004963389      -0.3919511        14.98244
       530.5425        550.1576
              0               0               1       -935.8974
   1.404871e-06   -6.492298e-06      -0.1215982        135.6958
  -5.330552e-07   -3.585937e-05     -0.06760377        7.683354
      -935.8974       -823.0769
              0               0               0       -823.0769
    8.83135e-05    -0.004226792      -0.8747574        138.2023
   3.797768e-05     0.001039885      -0.4180495        4.940012
       419.7938        435.3417
              0               0               1       -935.8974
   1.000596e-06     -4.9255e-05      -0.1462602        153.8935
   3.705848e-07    3.764706e-05     -0.09797679        14.98244
      -935.8974       -823.0769
