              0               0               0       -3557.692
   2.887702e-07   -0.0001141244       0.9749155       -209.0453
    -2.1265e-06    0.0005142202       0.2223414        41.06284
       124.7981        145.5978
              0               0               1       -3557.692
   1.491904e-12   -3.710506e-07     -0.04213993       -188.8141
  -2.977065e-09   -3.164392e-06    -0.003007545        45.89081
      -3557.692       -3269.231
              0               0               0       -3269.231
   3.705934e-07   -0.0001143458       0.9732598       -222.3695
  -2.323902e-06    0.0004982413         0.22949        39.42113
       132.0525        154.0612
              0               0               1       -3557.692
    1.71073e-10   -2.661977e-07     -0.04612805       -209.0453
  -4.257616e-09   -3.385912e-06    -0.004360308        41.06284
      -3557.692       -3269.231
