              0               0               0        711.5385
   1.402144e-05    0.0006056329      -0.9890719        3.334131
   9.927117e-06     0.003948286       0.1498121       -71.87674
      -148.4413       -134.9467
              0               0               1        711.5385
  -4.655383e-06     0.001077104       0.1438618       -9.868319
  -4.533237e-06     0.001154826       0.2651021       -69.11167
       711.5385        788.4615
              0               0               0        788.4615
   8.028343e-06    8.435104e-05      -0.9992886        19.07882
   6.258435e-06     0.002866083      0.04024607       -45.05132
      -150.3968       -136.7244
              0               0               1        711.5385
  -4.755124e-06     0.001247105       0.1368867        3.334131
  -5.126206e-06     0.001235904       0.2839935       -71.87674
       711.5385        788.4615
