              0               0               0       -153.8462
  -9.825775e-06    -0.002951147       0.7744604        87.97017
   1.219037e-05    -0.003664835      -0.6325188        108.8917
         240.76        254.1356
              0               0               1       -153.8462
  -9.441015e-07    0.0002385138    -0.009219098        97.77752
  -3.283677e-07    2.208207e-05      0.01556258        99.80493
      -153.8462               0
              0               0               0               0
   1.789499e-05     -0.00349895       0.7703326        88.66816
   4.250771e-05    -0.004249616      -0.6368213        110.8917
       245.4354        259.0707
              0               0               1       -153.8462
  -9.379716e-07    0.0002398266     -0.01015895        87.97017
  -5.203092e-07    7.046477e-05       0.0144743        108.8917
      -153.8462               0
