              0               0               0        4192.308
   3.385471e-07    0.0001488662      -0.9898641       -13.53643
   4.982924e-06    0.0009511347       0.1411522       -11.69613
      -109.7284       -91.44032
              0               0               1        4192.308
  -1.555776e-08    4.004023e-06      0.01329837       -31.58727
   9.941747e-09    -6.81038e-06     0.007995476       -8.766141
       4192.308        4461.538
              0               0               0        4461.538
   1.962596e-07    0.0001526688      -0.9907834       -11.07109
   5.472654e-06     0.001012858       0.1344314       -9.544719
      -102.9194       -85.76617
              0               0               1        4192.308
  -1.342071e-08    3.660617e-06     0.009144226       -13.53643
   1.150871e-08   -8.550539e-06      0.00945881       -11.69613
       4192.308        4461.538
