              0               0               0       -1048.718
   1.115286e-07   -0.0002323724      -0.9472783        83.96879
   1.395552e-06    0.0006592341      -0.3200748       -11.11073
       734.5086         758.173
              0               0               1       -1048.718
    4.66502e-07    2.656359e-06     -0.02162064        61.42337
  -9.027371e-07   -9.822313e-06      0.07381286       -18.29744
      -1048.718       -935.8974
              0               0               0       -935.8974
   3.727335e-07   -0.0001770237       -0.979441        78.96498
   2.356757e-06    0.0008002283      -0.2010971       -7.772355
       609.0029         628.618
              0               0               1       -1048.718
   2.985734e-07    1.745029e-05     -0.05012103        83.96879
  -8.859579e-07    5.048231e-05      0.03517163       -11.11073
      -1048.718       -935.8974
