              0               0               0        153.8462
  -3.103608e-05    -0.003492258       0.3995209        118.8398
   2.789794e-06    -0.001550553      -0.9170164        66.25114
       294.8826        308.2864
              0               0               1        153.8462
  -1.083682e-06    0.0001847037     0.002832125        123.4927
   1.430686e-06   -0.0001088147     -0.01403278        53.68783
       153.8462        307.6923
              0               0               0        307.6923
  -5.916773e-05    -0.003012814       0.3820584        119.8711
  -7.079175e-06    -0.001253656      -0.9247952        66.96512
       298.6329        312.2071
              0               0               1        153.8462
  -1.069954e-06    0.0002012608     0.001064323        118.8398
   1.307293e-06   -7.416496e-05     -0.01489102        66.25114
       153.8462        307.6923
