              0               0               0       -2576.923
   1.804146e-07   -1.055434e-05      -0.9919363       -253.3397
   1.285688e-06   -8.085227e-05       0.1267639       -16.42477
       1095.136        1120.004
              0               0               1       -2576.923
   -4.60266e-09    5.730361e-06     -0.04627214       -278.0111
  -1.967769e-08   -1.471611e-05     -0.03306354       -13.30262
      -2576.923       -2307.692
              0               0               0       -2307.692
   1.284219e-07   -7.940267e-06      -0.9950352       -264.2726
   1.147483e-06   -7.738943e-05      0.09955171       -26.21093
       1144.792        1170.789
              0               0               1       -2576.923
  -3.830857e-09    5.764432e-06      -0.0418823       -253.3397
  -1.858017e-08   -1.311829e-05     -0.03146996       -16.42477
      -2576.923       -2307.692
