              0               0               0        4730.769
   1.517988e-06   -4.875263e-05       0.9998067        274.8838
    -4.8455e-05      0.00155621     0.009471873         33.5293
       385.3993        401.4576
              0               0               1        4730.769
   4.881935e-07   -8.332847e-05      -0.0837965        290.9327
   -2.11213e-08    7.436768e-07     0.005373256        33.88205
       4730.769            5000
              0               0               0            5000
   9.452347e-07    -2.82315e-05       0.9996855        256.9335
  -6.550431e-05     0.001956429      0.01305812        34.55726
       358.4062        373.3398
              0               0               1        4730.769
   4.597156e-07    -7.85823e-05     -0.07883833        274.8838
   -2.06534e-08    1.121863e-06     0.005013152         33.5293
       4730.769            5000
