              0               0               0        3269.231
   1.967757e-06    7.947984e-05       0.9773239        284.4726
   1.373815e-05    0.0003202436      -0.2123959        34.24558
       443.5206        465.6966
              0               0               1        3269.231
  -3.901882e-10    4.395996e-07     -0.05420537        306.2064
   9.010841e-09   -1.069169e-05      0.01123136        29.84279
       3269.231        3557.692
              0               0               0        3557.692
   2.183273e-06     8.07957e-05       0.9790311        270.0184
   1.622356e-05    0.0003303695      -0.2044091        36.39963
       419.2593        440.2223
              0               0               1        3269.231
  -4.708983e-10    6.733814e-07     -0.05026314        284.4726
   8.695573e-09    -9.90478e-06     0.009600955        34.24558
       3269.231        3557.692
