              0               0               0        597.4359
  -1.728958e-05    0.0003248085       0.9984154        11.64179
   1.469607e-05    -0.005204623      0.05784174        146.9087
       157.1172        171.4006
              0               0               1        597.4359
   1.507409e-05     -0.00249663      -0.0097705        25.91842
  -2.462972e-06   -0.0005637611     -0.06709385        146.7159
       597.4359        710.2564
              0               0               0        710.2564
  -1.470224e-05    0.0007984053       0.9849343        1.290688
  -1.412665e-05    -0.004259305       0.1731978        126.9071
       148.3687        161.8567
              0               0               1        597.4359
   1.408705e-05    -0.002286715     -0.01306663        11.64179
   -5.53582e-07    -0.000908894     -0.06769929        146.9087
       597.4359        710.2564
