              0               0               0        4134.615
  -8.231988e-08    2.115245e-05      -0.9806575         206.077
   4.582614e-07   -0.0001063834      -0.1957284        4.505118
      -333.4117       -314.8889
              0               0               1        4134.615
  -3.032028e-08    2.131906e-05     -0.04102978        187.9191
      2.017e-07    -0.000141034      0.03408824       0.8460788
       4134.615        4423.077
              0               0               0        4423.077
  -1.312444e-07     2.46175e-05      -0.9791991        194.0816
    6.78119e-07   -0.0001190691      -0.2028993        7.331325
      -311.7383       -294.4195
              0               0               1        4134.615
  -3.274518e-08    2.295912e-05     -0.04548195         206.077
   2.010515e-07   -0.0001407234      0.03366129        4.505118
       4134.615        4423.077
