              0               0               0       -4423.077
   3.413308e-07    -0.000278501       0.9832781        33.70257
   6.929826e-06    -0.001441602      -0.1823463        68.60485
       309.3518         326.538
              0               0               1       -4423.077
  -5.944774e-09    8.518467e-07     0.006906035        50.52087
  -1.259199e-08    2.589901e-06      0.01030728        65.08038
      -4423.077       -4134.615
              0               0               0       -4134.615
  -8.029091e-07   -0.0002429011        0.984975        34.41105
   3.660767e-06    -0.001390991      -0.1730448        71.59766
       331.0862        349.4799
              0               0               1       -4423.077
  -5.264388e-09    6.755566e-07     0.002699242        33.70257
  -1.040831e-08    1.992774e-06      0.01066631        68.60485
      -4423.077       -4134.615
