              0               0               0        4711.538
   2.499679e-08    1.975544e-05      -0.9769699        166.3618
  -1.635502e-07   -8.954095e-05      -0.2133725        6.488089
      -273.8465       -257.7379
              0               0               1        4711.538
   3.845513e-09   -9.786446e-07     -0.03374282        150.6294
  -3.970698e-08   -1.402991e-06      0.01274947        3.027034
       4711.538            5000
              0               0               0            5000
   1.245123e-08    2.202556e-05      -0.9755312         155.449
   -1.22415e-07   -9.669212e-05      -0.2198546        8.935337
      -253.5054       -238.5933
              0               0               1        4711.538
   4.679365e-09   -8.701979e-07     -0.03796933        166.3618
  -4.050267e-08    -1.53635e-06       0.0122972        6.488089
       4711.538            5000
