              0               0               0           -1250
  -2.565515e-07    1.996647e-05      -0.9879873       -195.3517
   1.710946e-06   -0.0001299679      -0.1544645       -105.8156
       1252.954        1283.483
              0               0               1           -1250
   4.134744e-06    0.0005488424       0.1075627       -225.5023
   5.658011e-06     0.001340741      0.09912867       -110.6036
          -1250       -1173.077
              0               0               0       -1173.077
   1.750748e-07     7.12326e-07      -0.9935156        -183.644
  -1.516869e-06    -3.82015e-06      -0.1137455       -89.17258
       1175.735         1204.38
              0               0               1           -1250
   3.727266e-06    0.0004558872      0.09507788       -195.3517
   5.476018e-06     0.001210041      0.09087648       -105.8156
          -1250       -1173.077
