              0               0               0        1387.179
   2.548682e-07    2.580021e-06       -0.994325        205.6841
   2.538231e-06     1.95274e-05        0.106305       -90.33839
       -448.883       -418.9575
              0               0               1        1387.179
  -1.010047e-06    0.0002373707     0.009243864        175.9375
   2.629438e-06   -0.0008117083       0.1340499       -87.07165
       1387.179            1500
              0               0               0            1500
   1.581493e-07    9.996769e-07      -0.9980252        207.9789
   2.764195e-06    8.601664e-06      0.06268928       -80.43104
      -442.3611       -412.8704
              0               0               1        1387.179
  -1.262567e-06    0.0003074492     0.001724358        205.6841
   2.914735e-06   -0.0009047848       0.1527933       -90.33839
       1387.179            1500
