              0               0               0       -1161.538
  -1.028908e-07   -0.0001963434       -0.941435         12.0513
   1.151588e-06    0.0005465391      -0.3372535       -46.24186
       958.0546         986.196
              0               0               1       -1161.538
  -1.152638e-06    0.0003362032      0.03948306       -14.59977
  -2.200107e-06    0.0005321135       0.1467972       -55.27416
      -1161.538       -1048.718
              0               0               0       -1048.718
    5.09514e-07   -0.0001671406       -0.975383        15.64755
  -8.295843e-07    0.0007396329      -0.2203953       -30.28654
       805.5018        829.1662
              0               0               1       -1161.538
   -8.61642e-07    0.0002586114      0.01366651         12.0513
  -1.746822e-06    0.0004510998       0.1127633       -46.24186
      -1161.538       -1048.718
