              0               0               0        4423.077
   6.866152e-07    6.610696e-05      -0.9978382        22.96946
   1.005428e-06    0.0009963607      0.06567429       -13.32822
      -138.5504       -121.2316
              0               0               1        4423.077
   -3.64959e-09    1.343715e-06     0.004492921        5.711502
  -9.247569e-09    8.104528e-06     0.007585579       -11.88674
       4423.077        4711.538
              0               0               0        4711.538
   5.059253e-07     6.37003e-05      -0.9982363        23.09331
   6.304392e-08     0.001022574      0.05912383        -10.4642
       -128.869       -112.7603
              0               0               1        4423.077
   -3.25431e-09    1.069011e-06    0.0003917664        22.96946
  -1.183922e-08    1.018277e-05     0.007976397       -13.32822
       4423.077        4711.538
