              0               0               0        1387.179
   8.732157e-06    -7.94817e-05        0.902737         419.124
   2.138613e-05   -0.0002166526      -0.4312527       -91.85086
       659.3635        689.3346
              0               0               1        1387.179
  -3.388424e-06    0.0009037453     -0.06622868        446.3437
    5.08542e-06    -0.001619528       0.2999186       -104.3948
       1387.179            1500
              0               0               0            1500
   8.574235e-06   -9.717843e-05       0.9208086         418.172
    2.38073e-05   -0.0002872434       -0.391228       -72.67521
       649.8845        679.4247
              0               0               1        1387.179
  -3.237181e-06    0.0008659595     -0.06493144         419.124
   4.720576e-06    -0.001506071        0.279796       -91.85086
       1387.179            1500
