              0               0               0       -4192.308
   -6.42109e-07   -0.0002564048       0.9846929        34.19689
   5.153806e-06    -0.001459554       -0.174555         70.9983
       326.6641        344.8122
              0               0               1       -4192.308
  -5.208125e-09    -2.77196e-07     0.006541499        51.97882
  -1.020067e-08   -2.370745e-07      0.01008604        67.38058
      -4192.308       -3923.077
              0               0               0       -3923.077
  -6.353108e-07   -0.0002275838       0.9855411        34.71559
   3.631349e-06    -0.001315851      -0.1699461        73.61737
       346.8664        366.1368
              0               0               1       -4192.308
  -5.089779e-09   -5.557764e-08     0.002310504        34.19689
  -7.783523e-09   -8.574976e-07      0.01052301         70.9983
      -4192.308       -3923.077
