              0               0               0        1387.179
  -3.502506e-06    0.0005360431      -0.8548695       -104.2967
   5.960834e-06     0.000648612       0.5146022        11.48606
      -119.7021        -89.7766
              0               0               1        1387.179
   8.668898e-07   -0.0002449086      0.03764114        -129.493
  -1.135991e-06    0.0003840092     -0.08580875        27.62641
       1387.179            1500
              0               0               0            1500
  -3.092966e-06    0.0004882216      -0.8768029       -101.6064
   7.408317e-06    0.0006326807       0.4763328        6.414294
       -117.963       -88.47222
              0               0               1        1387.179
   7.662372e-07   -0.0002236208      0.03932189       -104.2967
  -7.672076e-07    0.0002683496     -0.06546428        11.48606
       1387.179            1500
