              0               0               0        484.6154
   -2.15053e-05    -0.001504944       0.9493581        49.99725
  -8.355508e-06    -0.004586492      -0.3135786        142.9647
       195.8652        208.9228
              0               0               1        484.6154
  -1.279114e-05     0.001671955       0.1162788        62.08918
   8.401152e-06    -0.001468682     -0.05075845        138.0695
       484.6154        597.4359
              0               0               0        597.4359
  -2.527865e-05    -0.002632925       0.8636523        66.39569
    7.37617e-06    -0.004786526      -0.5028979        133.8512
       214.2508        228.5342
              0               0               1        484.6154
   -1.29855e-05     0.001649665       0.1245194        49.99725
     5.8599e-06    -0.001161984     -0.02427021        142.9647
       484.6154        597.4359
