              0               0               0       -153.8462
   -9.56066e-07    -0.001096874       0.9822509        39.98834
   4.482274e-05    -0.005347721      -0.1864914        131.2734
       187.2578        200.6333
              0               0               1       -153.8462
  -6.794461e-07    0.0001883558     -0.01235356        52.92797
  -9.152407e-07    0.0001838119     0.009852601        127.9295
      -153.8462               0
              0               0               0               0
  -1.643906e-05   -0.0008002598       0.9827842        39.80137
  -1.076035e-05    -0.004221151      -0.1859902        133.8113
       190.8942        204.5295
              0               0               1       -153.8462
   -5.52192e-07    0.0001606239     -0.01285709        39.98834
  -9.878237e-07    0.0002120555     0.007252725        131.2734
      -153.8462               0
