              0               0               0        2403.846
  -1.437553e-06    -5.09339e-05        0.999227        55.25838
  -1.909188e-06    -0.001340923     -0.03882502        92.38922
       232.1493        257.9437
              0               0               1        2403.846
   1.237638e-08   -3.568874e-06     -0.01596141        80.97424
  -2.202266e-09   -2.563525e-06    -0.003822472         90.4628
       2403.846        2692.308
              0               0               0        2692.308
  -1.539046e-06   -1.333493e-05       0.9998962        51.81214
  -1.395499e-07    -0.001491602     -0.01125986          90.275
       221.3231        245.9146
              0               0               1        2403.846
   1.185997e-08   -2.977261e-06       -0.012075        55.25838
    -1.8192e-09   -1.307777e-06    -0.006800679        92.38922
       2403.846        2692.308
