              0               0               0        4192.308
   5.602632e-07    5.084774e-06       -1.000007         59.3675
  -5.683213e-08    0.0009592139     0.003310263       -16.98102
      -182.8806       -164.5926
              0               0               1        4192.308
  -6.686454e-09    2.636225e-06    -0.003540093        41.08444
   2.449731e-08   -1.778292e-05      0.01352546       -16.60002
       4192.308        4461.538
              0               0               0        4461.538
   4.674077e-07    4.288765e-06        -1.00006        57.34257
   2.292101e-06     0.000920325    -0.003048324       -13.99955
      -171.5323       -154.3791
              0               0               1        4192.308
   -4.67824e-09    2.462139e-06    -0.007844925         59.3675
   3.015482e-08   -2.188878e-05      0.01478141       -16.98102
       4192.308        4461.538
