              0               0               0        710.2564
  -5.090706e-05    -0.002211181      -0.4720034        127.6325
   3.911402e-05     0.001195078      -0.8817955       -9.484642
       -297.034       -283.5324
              0               0               1        710.2564
   2.705133e-06    0.0005720615       0.2934037        120.7314
   1.574256e-07   -0.0006283954       0.3037294       -21.07612
       710.2564        823.0769
              0               0               0        823.0769
    2.07159e-05    -0.001137411      -0.8839243        177.8657
  -3.470941e-05     0.002068028       -0.466324        11.79106
      -315.9186       -301.5587
              0               0               1        710.2564
   9.588416e-07      0.00101328       0.3187257        127.6325
   1.571125e-06   -0.0009842997       0.2796313       -9.484642
       710.2564        823.0769
