              0               0               0       -2980.769
  -2.854326e-07   -0.0001548858       0.9908384        36.25495
   3.273461e-06    -0.001114958      -0.1353823        83.90611
       417.9956        441.2175
              0               0               1       -2980.769
   2.662155e-09   -4.205948e-06     0.004352875        59.17707
  -2.416918e-09    4.051619e-06      0.01122877        80.20201
      -2980.769       -2692.308
              0               0               0       -2692.308
  -2.259208e-07   -0.0001313033       0.9932013        35.96911
   3.914073e-06    -0.001108631      -0.1165684        87.17177
       439.6537        464.0789
              0               0               1       -2980.769
   2.214042e-09   -4.185604e-06    3.226897e-05        36.25495
  -3.249991e-09    3.029283e-06      0.01071754        83.90611
      -2980.769       -2692.308
