              0               0               0       -4423.077
  -1.404601e-08   -2.452086e-05      -0.9790163       -153.7918
  -7.640372e-08   -0.0001182777       0.2037788        7.707253
       738.3995        755.5519
              0               0               1       -4423.077
  -2.347135e-08    4.237672e-06     -0.04493561       -170.5916
  -1.341922e-07    2.106615e-05    -0.004411102        11.16738
      -4423.077       -4134.615
              0               0               0       -4134.615
  -2.146318e-08   -2.058858e-05      -0.9804408       -165.7528
  -1.221442e-07      -0.0001028       0.1968112        4.848067
       790.3912        808.7551
              0               0               1       -4423.077
  -2.274452e-08    4.142463e-06     -0.04076728       -153.7918
   -1.38246e-07    2.180991e-05    -0.004699707        7.707253
      -4423.077       -4134.615
