              0               0               0        2846.154
  -4.993354e-07    0.0001190667        0.967417        282.4791
  -2.235813e-06    0.0004664341      -0.2529881         34.2213
       454.9926        478.9396
              0               0               1        2846.154
  -2.943914e-09    5.303949e-07      -0.0500543        305.7073
   9.133062e-09   -1.626712e-05      0.01896337        28.39978
       2846.154        3115.385
              0               0               0        3115.385
  -4.315367e-07    0.0001141666         0.97117        269.9969
  -2.101533e-06    0.0004776247      -0.2381972        37.71604
       433.5563         456.375
              0               0               1        2846.154
  -3.751041e-09    1.018065e-06     -0.04636477        282.4791
   7.648169e-09   -1.480132e-05      0.01641106         34.2213
       2846.154        3115.385
