              0               0               0       -1096.154
   3.144499e-07   -1.784179e-05      -0.9996261       -313.5279
  -1.772084e-05    0.0009038836     -0.02246541       -59.98761
       1191.226        1216.551
              0               0               1       -1096.154
    8.20789e-06    -0.001263167       0.5712181       -338.8502
   1.993159e-05     -0.00378122       0.5983985       -60.26466
      -1096.154       -1019.231
              0               0               0       -1019.231
  -9.072585e-07    4.264806e-05      -0.9988231       -276.0717
  -1.804101e-05    0.0008733178      0.04610133       -28.81647
       1063.903        1086.518
              0               0               1       -1096.154
   7.505881e-06    -0.001151946       0.5311283       -313.5279
   1.900314e-05    -0.003574071       0.5677087       -59.98761
      -1096.154       -1019.231
