              0               0               0        369.2308
  -5.609589e-06     0.004686455       0.2104121       -86.72251
  -1.399415e-05    -0.001035235       0.9779858        54.63698
       27.28025        40.92037
              0               0               1        369.2308
  -1.630863e-06    0.0004287317     0.009971827       -82.99477
  -4.224389e-06    0.0008893016      0.07615116        67.74871
       369.2308        484.6154
              0               0               0        484.6154
   4.021019e-06     0.004383853       0.2466108       -82.61809
  -1.459391e-05    -0.001117697       0.9687118        69.45968
       26.11536        39.17303
              0               0               1        369.2308
  -1.564293e-06    0.0003761083      0.01300089       -86.72251
  -5.033957e-06     0.001003705      0.07967143        54.63698
       369.2308        484.6154
