              0               0               0           -5000
   3.233918e-06   -0.0002301408         0.99089       -171.5108
  -3.028295e-05     0.001789915       0.1330683        38.07148
       59.08726        73.85907
              0               0               1           -5000
   2.869556e-10   -3.147243e-07     -0.05008709       -156.9134
   4.067875e-10   -2.385908e-06    9.839512e-05         40.3301
          -5000       -4711.538
              0               0               0       -4711.538
   2.927164e-06   -0.0002308063       0.9902547       -187.1571
  -2.871554e-05     0.001801182       0.1372089        37.63453
       63.91574        79.89468
              0               0               1           -5000
   2.589494e-10   -2.614273e-07     -0.05418657       -171.5108
   3.058503e-10   -2.442853e-06    -0.000835544        38.07148
          -5000       -4711.538
