              0               0               0        2980.769
   1.517647e-06    9.589837e-05       0.9741914        298.9733
   1.042095e-05    0.0003729837      -0.2262727        30.66275
       467.6354        491.0172
              0               0               1        2980.769
   2.318808e-09   -1.567061e-06     -0.05388014        321.8234
   1.710565e-10   -1.083972e-05      0.01744234        25.70922
       2980.769        3269.231
              0               0               0        3269.231
   1.967757e-06    7.947984e-05       0.9773239        284.4726
   1.373815e-05    0.0003202436      -0.2123959        34.24558
       443.5206        465.6966
              0               0               1        2980.769
   2.264967e-09   -1.286686e-06     -0.05008622        298.9733
  -4.522511e-10   -9.513409e-06      0.01520236        30.66275
       2980.769        3269.231
