              0               0               0       -123.0769
  -1.397518e-05   -0.0009166335       0.9840496        39.96746
   2.482279e-05    -0.005529379       -0.173367        131.4385
       187.5371        200.9326
              0               0               1       -123.0769
  -2.010979e-07   -4.247988e-06      0.00405841        52.95123
  -1.093674e-06    0.0001314379      0.01891171        128.1836
      -123.0769               0
              0               0               0               0
  -1.643906e-05   -0.0008002599       0.9827842        39.80137
  -1.076035e-05    -0.004221151      -0.1859902        133.8113
       190.8942        204.5295
              0               0               1       -123.0769
  -5.968568e-08   -2.727834e-05     0.002911948        39.96746
  -1.098613e-06    0.0001306174      0.01984515        131.4385
      -123.0769               0
