              0               0               0               0
    1.30742e-05   -0.0002902777      -0.9975855        26.22484
  -4.924848e-06     0.004778342     -0.06521272       -80.74985
       504.5213        518.1579
              0               0               1               0
  -2.794593e-07    2.660719e-05     -0.00129546        12.60037
  -9.400974e-07    0.0002798944    -0.004079645       -80.76305
              0        123.0769
              0               0               0        123.0769
   1.900107e-05   -0.0004407126      -0.9969346         25.7653
  -2.046968e-05      0.00536725     -0.07102601       -78.74387
       -174.851       -161.4009
              0               0               1               0
  -1.977562e-07    2.537811e-06    -0.001050553        26.22484
  -9.476899e-07    0.0002738092    -0.003045489       -80.74985
              0        123.0769
