              0               0               0       -1096.154
  -3.327669e-07   -0.0001696944      -0.9559944        38.17599
   2.233958e-06    0.0005501897      -0.2933792       -28.55131
       836.6696         861.995
              0               0               1       -1096.154
   -8.20053e-07    0.0001328236      0.03639439        13.85077
    5.89534e-06   -0.0008981645        0.143612        -35.5921
      -1096.154       -1019.231
              0               0               0       -1019.231
   6.671366e-08   -0.0001601482      -0.9736156        39.16245
   1.583201e-06    0.0006794299      -0.2282177       -22.38091
       747.2936        769.9085
              0               0               1       -1096.154
  -1.228311e-06    0.0001896184     0.005506047        38.17599
   4.648717e-06   -0.0006761696       0.1047211       -28.55131
      -1096.154       -1019.231
