              0               0               0        2692.308
  -1.150475e-06    7.154065e-05       0.9984648        27.23227
  -3.583828e-06    -0.001227207      0.05559962        89.70316
       196.7317        221.3231
              0               0               1        2692.308
  -7.903224e-09    7.286174e-06     -0.01083205        51.81214
   2.337525e-09   -2.882085e-06    -0.008009293          90.275
       2692.308        2980.769
              0               0               0        2980.769
  -1.370844e-06    0.0001083114       0.9971535        25.74719
  -2.331179e-06    -0.001364618      0.07532223        86.79559
       187.0542        210.4359
              0               0               1        2692.308
   -7.95625e-09    7.288028e-06    -0.006588585        27.23227
   5.832145e-10   -5.563273e-07    -0.009967617        89.70316
       2692.308        2980.769
