              0               0               0        461.5385
  -1.217426e-05    0.0008935761        0.979946        -1.98346
   1.757377e-05    -0.004760661       0.1990026        144.6637
       143.4174        156.4554
              0               0               1        461.5385
  -3.674468e-08   -5.672406e-05     -0.01754997        10.91794
  -3.869511e-07   -0.0003598003      0.05738775        146.4879
       461.5385        557.6923
              0               0               0        557.6923
  -7.570485e-06    0.0008749536       0.9765738       -3.863637
  -2.109646e-05    -0.004328024       0.2151819        146.3431
        139.798        152.5069
              0               0               1        461.5385
  -3.367237e-07   -4.933548e-05     -0.01169684        -1.98346
  -3.926633e-07   -0.0003634165      0.05604006        144.6637
       461.5385        557.6923
