              0               0               0       -2038.462
     8.7784e-07   -3.652918e-05      -0.9966436       -382.5759
   7.581486e-06   -0.0004171941      0.08215282       -32.36497
       1303.011        1330.136
              0               0               1       -2038.462
  -8.562544e-08    3.296465e-05     -0.05388396        -409.619
  -1.641986e-07   -2.690365e-05     -0.07405567       -30.29224
      -2038.462       -1769.231
              0               0               0       -1769.231
   4.251869e-07   -1.402784e-05      -0.9995256       -395.1877
   7.442916e-06   -0.0004231207      0.03118489       -56.09544
       1356.149        1384.381
              0               0               1       -2038.462
  -7.286305e-08    3.043323e-05     -0.04975606       -382.5759
  -1.562274e-07   -2.470535e-05     -0.07016613       -32.36497
      -2038.462       -1769.231
