              0               0               0       -369.2308
  -0.0002252204     0.007179705     -0.06457549       -84.97015
   -1.06002e-05    0.0003704599        0.995677        7.215542
       676.9523        691.7124
              0               0               1       -369.2308
  -1.166674e-06    0.0004869151     -0.06642134       -85.08335
   6.713195e-07    0.0001489162     -0.09382474        21.95849
      -369.2308       -246.1538
              0               0               0       -246.1538
   4.366562e-05     0.004393674      -0.2793724       -85.19654
  -1.531319e-05     0.001376015       0.9610482       0.7472556
        647.118        660.6015
              0               0               1       -369.2308
  -2.060514e-06    0.0006450752     -0.05002075       -84.97015
   3.794706e-07    0.0001792049     -0.08035901        7.215542
      -369.2308       -246.1538
