              0               0               0       -123.0769
  -1.360345e-05    -0.001478248       0.9519689        52.95123
   8.711137e-06    -0.004531838      -0.3081422        128.1836
       200.9326        214.3282
              0               0               1       -123.0769
  -3.328422e-07     1.88727e-05     0.004924611        65.40538
  -1.067948e-06    0.0001331685      0.01740555        123.2636
      -123.0769               0
              0               0               0               0
   -1.52958e-05    -0.001472714       0.9517915        53.01146
   9.048868e-06    -0.004661312      -0.3071052        130.4632
       204.5295        218.1648
              0               0               1       -123.0769
  -2.010979e-07   -4.247988e-06      0.00405841        52.95123
  -1.093674e-06    0.0001314379      0.01891171        128.1836
      -123.0769               0
