              0               0               0       -2846.154
  -1.234503e-06   -4.259973e-06       0.9999082       -11.25849
    4.39222e-06    -0.001565508    -0.002312136        88.63828
       380.5194        404.3019
              0               0               1       -2846.154
   5.065157e-09   -5.070629e-06    -0.005111533        12.50277
   1.054941e-09   -1.449847e-06      0.01037769        87.75691
      -2846.154       -2576.923
              0               0               0       -2576.923
  -1.139877e-06    2.265604e-05       0.9997923       -14.03902
   2.483122e-06    -0.001425743      0.01786979        90.86736
       398.4902        423.3959
              0               0               1       -2846.154
   4.897686e-09   -4.946696e-06    -0.009350874       -11.25849
   2.051563e-10   -2.220427e-06     0.008862373        88.63828
      -2846.154       -2576.923
