              0               0               0        1769.231
  -6.561345e-07   -1.863091e-05       0.9998437         9.39648
  -7.287998e-07   -0.0009776709     -0.01768614        98.90977
       199.0407        227.4751
              0               0               1        1769.231
  -3.500165e-08    3.043693e-05     -0.02163364        37.79628
  -8.914231e-09    1.583449e-06    -0.006570248        97.59966
       1769.231        2038.462
              0               0               0        2038.462
   -6.69495e-07    3.589591e-05       0.9993458        6.173617
  -1.145873e-06    -0.001009743      0.03628417        95.55743
       191.2828        218.6089
              0               0               1        1769.231
  -3.003726e-08    2.792343e-05     -0.01731122         9.39648
  -1.694374e-08    1.035256e-05     -0.01401061        98.90977
       1769.231        2038.462
