              0               0               0           -1500
   6.657949e-07   -5.062233e-05       0.8751427       -220.7636
  -1.200812e-06    9.125138e-05       0.4838661        10.40201
       264.8425        294.2695
              0               0               1           -1500
   -3.21213e-06     0.000259496     0.007987133       -195.0377
  -2.597889e-06     0.000109556     -0.04503977        24.68914
          -1500       -1387.179
              0               0               0       -1387.179
   6.687511e-07   -4.517635e-05       0.8555821       -221.0742
  -1.100996e-06    7.447513e-05       0.5176636        1.714709
       269.8203        299.8004
              0               0               1           -1500
  -3.173012e-06    0.0002605074     0.008244693       -220.7636
  -2.887427e-06    0.0001171002     -0.05345989        10.40201
          -1500       -1387.179
