              0               0               0       -3269.231
   0.0008703711     -0.05165828      0.05587317        178.8784
   0.0001969099    -0.003420951      -0.7339428        29.77064
       550.2186        572.1977
              0               0               1       -3269.231
  -3.169761e-09    1.588471e-06      0.02809591        164.3927
    6.32984e-10    4.698403e-06     0.003170034        14.07736
      -3269.231       -2980.769
              0               0               0       -2980.769
   0.0007708254     -0.04849125      0.06219982        187.5695
    0.000195276    -0.004237764       -0.730961        32.18878
       580.5494        603.7332
              0               0               1       -3269.231
   -3.58899e-10   -1.777705e-07      0.03021015        178.8784
  -5.383304e-10    5.937753e-06     0.006714882        29.77064
      -3269.231       -2980.769
