              0               0               0        1096.154
  -1.126152e-07    9.745049e-07      -0.9998799        166.1417
   4.284991e-06   -9.202422e-06     -0.01456568       -44.61283
      -359.4355       -335.4731
              0               0               1        1096.154
   5.627098e-07    -0.000179398       0.2103268        142.1812
  -1.595373e-06   -0.0004829851      -0.2440697       -44.90819
       1096.154        1173.077
              0               0               0        1173.077
   3.830313e-07   -5.454116e-06      -0.9979474        184.4001
   5.781304e-06   -8.392924e-05      0.06399812       -69.04048
      -403.5603       -376.6562
              0               0               1        1096.154
   6.957714e-07   -0.0001780433       0.2469378        166.1417
  -1.957634e-06   -0.0005205034       -0.265937       -44.61283
       1096.154        1173.077
