              0               0               0        3115.385
  -1.088438e-07    8.692331e-06      -0.9854579        202.9418
   7.635363e-07   -5.219822e-05      -0.1699443        -15.7737
      -364.5212       -341.7386
              0               0               1        3115.385
   1.801204e-08   -4.691727e-06     -0.02782973        180.4937
   -1.43018e-07     2.09275e-05       0.0204617       -19.66353
       3115.385        3384.615
              0               0               0        3384.615
  -6.103314e-08    1.100192e-05      -0.9833669        194.3072
    3.72738e-07   -6.001475e-05      -0.1816358       -11.47021
      -346.5512       -324.8918
              0               0               1        3115.385
   2.069649e-08   -5.102716e-06     -0.03219771        202.9418
  -1.499176e-07    2.159354e-05      0.02103754        -15.7737
       3115.385        3384.615
