              0               0               0        2846.154
  -3.461331e-05     0.002319338       0.9082176       -113.5114
  -3.115744e-05    0.0006788946       0.3315096        57.41394
       47.89396        71.84094
              0               0               1        2846.154
  -1.234861e-08    4.879416e-06      0.01705022       -90.90764
   2.502436e-09     5.11654e-06     -0.01414005        65.31404
       2846.154        3115.385
              0               0               0        3115.385
  -3.792544e-05     0.002415767       0.9034909       -107.6283
  -3.555712e-05    0.0008702315       0.3425575        54.07943
        45.6375        68.45625
              0               0               1        2846.154
   -1.17434e-08    4.372371e-06      0.02152566       -113.5114
  -5.686406e-10    6.975269e-06     -0.01422207        57.41394
       2846.154        3115.385
