              0               0               0        2692.308
   5.818027e-07   -5.850137e-06       0.9519015        195.5467
   1.794791e-06   -1.740596e-05      -0.3064136        60.11055
       368.8719        393.4634
              0               0               1        2692.308
  -5.261136e-09     3.94611e-06     -0.03628545        218.9605
   1.006545e-08   -1.549854e-05      0.01211898        52.59156
       2692.308        2980.769
              0               0               0        2980.769
   7.387893e-07   -1.012675e-05       0.9577248        186.2984
     2.4875e-06   -3.468146e-05      -0.2876774        61.75295
       350.7266        374.1083
              0               0               1        2692.308
  -5.732377e-09    4.562854e-06     -0.03290009        195.5467
   8.948309e-09   -1.378221e-05     0.008924698        60.11055
       2692.308        2980.769
