              0               0               0        3115.385
  -4.171373e-06    0.0004443141       0.9605183       -64.40958
   6.088718e-07   -0.0009344047       0.2697217        68.67732
         91.275        114.0938
              0               0               1        3115.385
   2.250446e-08   -4.516894e-06     0.008352715       -42.30996
   -2.33028e-08    6.839218e-06     -0.01082251        74.35273
       3115.385        3384.615
              0               0               0        3384.615
  -3.864947e-06    0.0004523706       0.9572948       -60.89702
  -1.513645e-06   -0.0009145329       0.2814322        65.81879
       86.80337        108.5042
              0               0               1        3115.385
   2.279385e-08   -4.637055e-06      0.01264287       -64.40958
  -2.075151e-08    6.375505e-06     -0.01082971        68.67732
       3115.385        3384.615
