              0               0               0        557.6923
  -2.370172e-05     0.003341934       0.7626426       -48.97894
   7.738092e-06    -0.004011141       0.6468745        124.0373
       88.96237        101.6713
              0               0               1        557.6923
   4.699584e-06   -0.0003190069     -0.02925608       -38.79546
   1.211958e-06   -0.0006590557     -0.03738586        131.6264
       557.6923        634.6154
              0               0               0        634.6154
  -3.245137e-05     0.003742034        0.746106       -51.14707
   1.130047e-05    -0.004131047       0.6649552        117.3687
       91.77966         104.891
              0               0               1        557.6923
   4.372012e-06   -0.0003470122     -0.02736236       -48.97894
   2.178211e-06   -0.0007479714     -0.04204477        124.0373
       557.6923        634.6154
