              0               0               0        1173.077
  -5.358628e-06    0.0003734824       0.9118312        351.4628
  -1.309922e-05    0.0008567872      -0.4099815       -51.59776
       565.8067        592.7498
              0               0               1        1173.077
  -1.073208e-05     0.000292785       0.5345574        376.1968
   2.348734e-05     -0.00183038      -0.5901959        -62.2782
       1173.077            1250
              0               0               0            1250
  -6.368116e-06    0.0004395976       0.8754425        387.6524
  -1.249653e-05    0.0008173492      -0.4826913       -93.72226
       630.5884        660.6164
              0               0               1        1173.077
  -1.033949e-05    0.0002937671       0.5090472        351.4628
   2.191891e-05    -0.001728835       -0.544329       -51.59776
       1173.077            1250
