              0               0               0       -153.8462
   0.0001570382    -0.009318312    0.0001272022         128.208
   1.778402e-05   -1.289122e-06      -0.9979723        27.41473
       334.3889        347.7696
              0               0               1       -153.8462
  -4.871644e-07    0.0001143466    -0.002895579        126.9176
   8.522244e-07   -0.0002641915       0.0183423        14.10354
      -153.8462               0
              0               0               0               0
   3.862967e-05    -0.005856946     0.003458925        128.3486
   1.700581e-05   -5.525486e-05       -0.999525        27.37286
       340.8824         354.519
              0               0               1       -153.8462
  -2.659661e-07    6.440932e-05    -0.002700284         128.208
   7.278891e-07   -0.0002336093      0.01843961        27.41473
      -153.8462               0
