              0               0               0           -5000
   1.126312e-06   -0.0001081757      -0.9962366        30.51354
  -1.308756e-06     0.001244267     -0.08693615       -6.220211
       472.5499        487.3006
              0               0               1           -5000
  -6.489433e-10    1.985775e-06    -0.001180452        15.79848
   8.862256e-09   -7.839986e-06     -0.00832384       -7.236046
          -5000       -4711.538
              0               0               0       -4711.538
   1.229369e-06   -0.0001116627       -0.995743        31.50965
  -6.591932e-06     0.001252082       -0.092146       -8.899056
       511.0989        527.0454
              0               0               1           -5000
  -8.150646e-10    2.162808e-06     0.002897103        30.51354
   7.022633e-09   -5.888642e-06    -0.008172371       -6.220211
          -5000       -4711.538
