              0               0               0        3269.231
   4.313172e-07    2.513078e-05      -0.9995944        66.30192
   1.667403e-06    0.0007274498      0.03038226        -27.6597
      -221.4319       -199.2887
              0               0               1        3269.231
   6.147498e-09   -3.360334e-06    -0.002498522        44.18472
  -6.499892e-08    1.022294e-05      0.01286838       -26.61215
       3269.231        3557.692
              0               0               0        3557.692
   3.801866e-07    2.196434e-05      -0.9996523        64.26034
  -1.610318e-06    0.0008589149      0.02560746       -24.50821
      -209.4882       -188.5393
              0               0               1        3269.231
   7.482084e-09    -3.57312e-06    -0.006669375        66.30192
  -7.530637e-08     1.05559e-05      0.01414644        -27.6597
       3269.231        3557.692
