              0               0               0       -4423.077
   1.955015e-06    0.0002006613      -0.9941298       -52.87355
  -3.143379e-06     0.001861761       0.1081983        -12.2726
       635.4847        652.6372
              0               0               1       -4423.077
  -9.714723e-09    2.187338e-06     -0.02022739       -69.85641
   -1.06544e-07    1.726703e-05     -0.00784117       -9.884858
      -4423.077       -4134.615
              0               0               0       -4134.615
   5.530661e-07    0.0002061108      -0.9950457       -57.54247
  -1.425748e-05     0.002139018      0.09750739       -15.69097
       680.2081         698.572
              0               0               1       -4423.077
  -6.307936e-09    1.634238e-06     -0.01613213       -52.87355
  -8.754473e-08    1.409188e-05    -0.008630695        -12.2726
      -4423.077       -4134.615
