              0               0               0        1173.077
  -0.0005834559      0.03973728       0.2311145       -176.1434
   0.0001079456     -0.01294465       0.6929787        79.62792
              0        26.94317
              0               0               1        1173.077
   1.064374e-06     7.73506e-05     -0.09885373       -152.4816
  -9.378983e-06    0.0006281075       0.2616462         91.0133
       1173.077            1250
              0               0               0            1250
  -0.0004619096      0.03470057       0.2819768       -186.3931
   0.0001247871     -0.01454064       0.6742321         100.074
              0        30.02802
              0               0               1        1173.077
   2.535459e-06   -1.331052e-05      -0.1472249       -176.1434
  -1.018942e-05    0.0007134329       0.2712124        79.62792
       1173.077            1250
