              0               0               0       -4423.077
   0.0002591643    -0.003314965       0.8871408        115.7111
  -0.0002047693     0.001161154      -0.3808702        43.58778
       395.2829        412.4691
              0               0               1       -4423.077
  -4.926061e-09    1.072486e-06      0.02726709        131.2942
  -6.263918e-09    2.235989e-06     0.005107077        36.34557
      -4423.077       -4134.615
              0               0               0       -4134.615
   0.0002152934    -0.002891936       0.8919365        122.3633
  -0.0001850735     0.001271391      -0.3724086        45.42602
       423.0546        441.4483
              0               0               1       -4423.077
  -5.059655e-09    6.518859e-07      0.02329389        115.7111
  -7.874417e-09    1.622794e-06     0.006559688        43.58778
      -4423.077       -4134.615
