              0               0               0       -1173.077
    1.86431e-07   -0.0002045163      -0.9368758        11.87298
  -3.412592e-08    0.0005521215      -0.3496087        -48.1706
       975.2188        1003.864
              0               0               1       -1173.077
  -9.410201e-07    0.0002890188       0.0407764       -15.12738
  -1.031401e-05     0.001248213       0.1725776       -57.73295
      -1173.077       -1096.154
              0               0               0       -1096.154
   6.314974e-07   -0.0001949768      -0.9652299        13.85077
  -1.278316e-06    0.0007199176      -0.2612132        -35.5921
        861.995        887.3204
              0               0               1       -1173.077
  -7.873555e-08    0.0001509933      0.01456232        11.87298
  -8.311601e-06     0.001019897        0.134248        -48.1706
      -1173.077       -1096.154
