              0               0               0           -5000
   6.752342e-07   -2.571386e-05      -0.9770554       -144.0774
   2.904591e-06   -0.0001164177       0.2129993        15.62795
       649.5577        664.3083
              0               0               1           -5000
    3.46263e-07   -0.0002202639     -0.01594015       -158.4931
   4.168911e-08   -2.825789e-05    -0.002044979        18.75382
          -5000       -4730.769
              0               0               0       -4730.769
   8.339792e-07   -3.031064e-05      -0.9782834       -156.4604
    3.76264e-06   -0.0001414464       0.2072841         13.6989
       698.9945        714.8676
              0               0               1           -5000
    3.17699e-07   -0.0002020569     -0.01462254       -144.0774
    4.58152e-08   -3.069676e-05    -0.002221476        15.62795
          -5000       -4730.769
