              0               0               0       -4711.538
    0.001721431     -0.07256819      0.01548265        135.1536
    0.000328084    -0.002453087      -0.7375212        24.53915
       399.4734        415.4199
              0               0               1       -4711.538
  -1.885794e-09    1.621667e-06      0.02771667        123.9276
   4.403509e-10    1.675849e-06    -0.001405498        13.48487
      -4711.538       -4423.077
              0               0               0       -4423.077
    0.001466467     -0.06699927      0.02405176        143.9112
   0.0003065284    -0.003060755      -0.7364966        25.21582
       429.6553        446.8078
              0               0               1       -4711.538
  -3.043735e-11   -1.236889e-09       0.0303625        135.1536
  -5.373093e-10    1.260893e-06     0.002026773        24.53915
      -4711.538       -4423.077
