              0               0               0       -935.8974
  -4.695796e-06    -0.000139499        0.984897        92.31944
     2.4038e-06    -0.001081157      -0.1765672        70.85965
       393.0498        412.7023
              0               0               1       -935.8974
   1.468093e-06   -0.0001059137     -0.02349171        111.5856
   4.091496e-06    0.0001384792      -0.1592711        66.99035
      -935.8974       -823.0769
              0               0               0       -823.0769
  -2.112162e-06   -0.0006256898       0.9422196          95.205
   1.716102e-05    -0.001942843       -0.336058        62.28961
       310.9584        326.5063
              0               0               1       -935.8974
   1.489433e-06   -7.463491e-05       0.0150387        92.31944
   4.540244e-06    0.0001428081      -0.1498638        70.85965
      -935.8974       -823.0769
