              0               0               0        1826.923
  -0.0005390095      0.03892695       0.1659545       -182.0974
   5.240917e-05    -0.009018824       0.7124178        61.51466
              0        28.19424
              0               0               1        1826.923
  -2.031449e-08    2.447465e-05      0.01269541       -158.5551
   1.259012e-07   -6.490591e-05     -0.03010096        75.60613
       1826.923        2115.385
              0               0               0        2115.385
  -0.0005880353      0.04107424          0.1234       -175.0557
   2.553935e-05    -0.007255131       0.7207066        49.86753
              0        27.01047
              0               0               1        1826.923
    -4.8632e-08    4.006532e-05      0.01690055       -182.0974
   1.346369e-07   -6.823997e-05     -0.03189526        61.51466
       1826.923        2115.385
