              0               0               0       -942.3077
  -3.008358e-06    0.0003760688       0.9824381       -26.38472
   4.118662e-06    -0.002002913       0.1862246          73.828
        278.331        298.2118
              0               0               1       -942.3077
   4.550473e-06   -0.0003191252        0.199681       -6.728077
   1.130665e-05   -0.0002981933      -0.1055881        76.77101
      -942.3077       -865.3846
              0               0               0       -865.3846
  -2.235078e-06    0.0002203714       0.9934915       -8.229329
  -9.470257e-06    -0.001943733       0.1142512        70.69273
       239.4318        256.5341
              0               0               1       -942.3077
   4.711779e-06   -0.0003175671       0.2325679       -26.38472
   1.215421e-05   -0.0003898292     -0.08268996          73.828
      -942.3077       -865.3846
