              0               0               0       -4134.615
   1.016207e-06    8.084538e-06        0.968602       -110.7849
   -3.95233e-06   -3.207037e-05       0.2486125         59.7542
       183.9368        202.3304
              0               0               1       -4134.615
   6.666609e-09   -2.963217e-06     -0.02690489       -92.95968
  -1.379352e-08    4.684522e-06     0.006482954        64.29166
      -4134.615       -3846.154
              0               0               0       -3846.154
   1.254271e-06    1.066618e-05       0.9660248       -119.7462
  -4.739121e-06    -4.00403e-05       0.2584483        61.20818
       195.9105        215.5015
              0               0               1       -4134.615
   6.020627e-09   -2.665519e-06     -0.03079802       -110.7849
  -1.262981e-08    4.115563e-06     0.004904209         59.7542
      -4134.615       -3846.154
