              0               0               0       -2846.154
  -3.126166e-06    0.0001483934      -0.9877833       -312.2883
  -1.922593e-05    0.0009279259       0.1550394        1.076182
       1117.005        1140.752
              0               0               1       -2846.154
   6.805195e-09   -7.065408e-08     -0.06088391       -335.7038
   5.003941e-09   -2.438795e-05     -0.02562084        5.023786
      -2846.154       -2576.923
              0               0               0       -2576.923
  -2.730774e-06    0.0001309463      -0.9906369       -327.3715
  -1.898672e-05    0.0009342462        0.135512       -7.199941
       1169.741        1194.609
              0               0               1       -2846.154
   7.292622e-09   -2.448822e-07     -0.05648628       -312.2883
   9.000623e-09   -2.519213e-05      -0.0246098        1.076182
      -2846.154       -2576.923
