              0               0               0       -3653.846
   1.670739e-07   -0.0001139232       0.9751405       -204.6743
  -1.700345e-06    0.0005171893       0.2213476         41.5175
       122.3268        142.7146
              0               0               1       -3653.846
  -1.064588e-08    4.520138e-06     -0.04211828       -184.8393
   1.235505e-08   -9.717999e-06    -0.002196145        46.23086
      -3653.846       -3384.615
              0               0               0       -3384.615
   2.822562e-07   -0.0001124052       0.9742656       -216.9873
  -2.027625e-06    0.0004995205       0.2252027        40.11594
       129.1904        150.7221
              0               0               1       -3653.846
  -8.473504e-09    3.678842e-06     -0.04611009       -204.6743
   7.060341e-09   -7.777627e-06    -0.003623599         41.5175
      -3653.846       -3384.615
