              0               0               0        2846.154
   7.459505e-06   -0.0001673145       0.9597521       -90.90764
   1.126241e-05    -0.001559485       0.3104221        65.31404
       71.84094        95.78791
              0               0               1        2846.154
  -1.186573e-08    4.946801e-06      0.01255948       -67.91799
   2.411777e-09    4.427532e-06     -0.01373822        72.00808
       2846.154        3115.385
              0               0               0        3115.385
   9.126719e-06   -0.0001804669       0.9544976        -86.2045
   9.195233e-06    -0.001563876       0.3267294        61.92681
       68.45625          91.275
              0               0               1        2846.154
  -1.234861e-08    4.879416e-06      0.01705022       -90.90764
   2.502436e-09     5.11654e-06     -0.01414005        65.31404
       2846.154        3115.385
