              0               0               0        942.3077
   6.623072e-07   -1.844339e-06      -0.9999629        52.77357
  -3.811443e-06     0.001203686    -0.004328696       -15.07307
      -203.0508       -184.5917
              0               0               1        942.3077
   3.482213e-06   -0.0006545465       0.1146215        34.31863
   8.888417e-06    -0.001587477     -0.06990688        -14.7668
       942.3077        1019.231
              0               0               0        1019.231
  -8.784283e-08     0.000102194      -0.9968873        61.94938
  -6.007253e-06     0.001177337      0.07923752       -27.64521
      -233.3425       -212.1296
              0               0               1        942.3077
   3.569912e-06   -0.0006852384       0.1508724        52.77357
   9.751013e-06    -0.001755031     -0.08613378       -15.07307
       942.3077        1019.231
