              0               0               0       -2307.692
   2.921797e-06   -0.0004303276      -0.9460214        121.1695
   3.665003e-07    0.0008284834      -0.3172995       -9.248879
       754.8406        780.8374
              0               0               1       -2307.692
  -2.802962e-08    6.974857e-06      0.01867595        96.33649
  -1.495865e-08    9.806024e-06     0.002508833       -16.93128
      -2307.692       -2038.462
              0               0               0       -2038.462
   2.229718e-06   -0.0004162281      -0.9338229        126.9147
    1.44465e-06     0.000719957      -0.3516541        -6.85695
       787.6393        814.7641
              0               0               1       -2307.692
  -3.051646e-08     6.51174e-06      0.02179829        121.1695
  -1.858872e-08    1.239804e-05      0.00689378       -9.248879
      -2307.692       -2038.462
