              0               0               0       -935.8974
   2.364264e-06   -8.737605e-05      -0.9927593       -252.3503
   1.863561e-05    -0.000737409       0.1198676        4.067374
       942.4597        962.0748
              0               0               1       -935.8974
  -8.987129e-07    0.0007080996       0.6205878       -271.8391
  -4.106842e-06   -0.0005484187       0.2987748        6.275512
      -935.8974       -823.0769
              0               0               0       -823.0769
   1.762664e-05   -0.0002765756      -0.9490894       -179.3447
   4.724517e-05   -0.0007257302        0.315417        22.19915
       746.2994        761.8473
              0               0               1       -935.8974
  -1.554472e-06    0.0007197755       0.5856753       -252.3503
  -4.950554e-06    -0.000565847       0.2875656        4.067374
      -935.8974       -823.0769
