              0               0               0        4730.769
   2.483629e-06   -0.0003438571       0.9870913        85.59337
     2.2589e-05    -0.002080794      -0.1597324         67.5209
       192.6996        208.7579
              0               0               1        4730.769
   1.533258e-07   -2.637679e-05     -0.02619193         101.366
   5.566178e-08   -1.002116e-05    -0.009236251        64.51284
       4730.769            5000
              0               0               0            5000
   1.226502e-07   -0.0002913856       0.9881002        80.70328
   1.127697e-05    -0.001864509       -0.153341        65.05421
       179.2031        194.1367
              0               0               1        4730.769
    1.25796e-07   -2.174024e-05     -0.02142843        85.59337
   6.472408e-08   -1.172215e-05     -0.01069759         67.5209
       4730.769            5000
