              0               0               0        942.3077
  -0.0002085067     0.003902335      -0.8950707       -110.3376
   0.0002042842    0.0008972304       0.3595399        11.56874
      -36.91833       -18.45917
              0               0               1        942.3077
   2.212383e-07     3.73357e-05      -0.1723473       -126.8417
  -2.882275e-06    0.0004700434       0.1289678        19.79617
       942.3077        1019.231
              0               0               0        1019.231
  -0.0001345906     0.003421778      -0.8572716       -121.8473
   0.0001514222    0.0008137651        0.447257        19.88693
      -42.42592       -21.21296
              0               0               1        942.3077
   1.132523e-06   -0.0001253423      -0.1466851       -110.3376
  -1.254415e-06    0.0002064428      0.09967888        11.56874
       942.3077        1019.231
