              0               0               0       -865.3846
  -2.432579e-06    2.864463e-05      -0.9839029        -159.012
  -1.306044e-05    0.0001586779       0.1785941        11.02227
       769.1582        786.2382
              0               0               1       -865.3846
  -1.036057e-05     0.001123442       0.5878784       -175.8209
   4.869893e-06    -0.002456889      0.05998685        14.05388
      -865.3846       -788.4615
              0               0               0       -788.4615
   5.207728e-06    0.0003553181      -0.9227891       -115.4084
    8.11817e-06     0.000874878       0.3855458       0.5619703
       650.2247         664.691
              0               0               1       -865.3846
   -9.81067e-06     0.001031583       0.5455448        -159.012
   5.668175e-06    -0.002668491       0.0357452        11.02227
      -865.3846       -788.4615
