              0               0               0        153.8462
   1.049029e-05    0.0003647683      -0.9979019        12.27624
  -2.700465e-05     0.005164461      0.06440789       -78.36561
       -160.901       -147.4926
              0               0               1        153.8462
  -3.595702e-07    1.618151e-05     0.005794148       -1.013181
  -5.234428e-07   -0.0001080294      0.01727092       -76.63861
       153.8462        307.6923
              0               0               0        307.6923
   1.506958e-05    0.0002506023      -0.9977147        12.41358
  -2.728292e-05     0.005324812       0.0593103       -80.16293
      -162.9192       -149.3426
              0               0               1        153.8462
  -2.219399e-07    1.829614e-05     0.003330942        12.27624
  -5.885037e-07   -0.0001027051      0.01804733       -78.36561
       153.8462        307.6923
