              0               0               0        1274.359
   2.546004e-06   -0.0005452291       0.8603721        163.9638
   4.841769e-06   -0.0009069869      -0.5096716        52.51091
       365.7388         396.217
              0               0               1        1274.359
   8.883968e-06     -0.00237314       0.1238869         189.752
  -6.339067e-06     0.001683874     -0.04124051        36.27158
       1274.359        1387.179
              0               0               0        1387.179
   2.635409e-06   -0.0005210248       0.8834042        160.2008
    5.56629e-06   -0.0009679821      -0.4685527        58.71152
       359.6528        389.6239
              0               0               1        1274.359
   8.475922e-06    -0.002262878       0.1140591        163.9638
  -4.764393e-06     0.001264993     -0.02711382        52.51091
       1274.359        1387.179
