              0               0               0       -4134.615
   9.983854e-07   -0.0002872065       0.9752244        52.44119
   2.164158e-06    -0.001188986      -0.2205001         67.9669
       349.4799        367.8735
              0               0               1       -4134.615
    9.97217e-09   -4.302272e-06      0.01002961        70.28819
   2.036689e-08   -7.809768e-06     0.007958541        63.52229
      -4134.615       -3846.154
              0               0               0       -3846.154
   2.919694e-07   -0.0002318272       0.9762652        54.02344
  -9.739266e-07   -0.0009687918      -0.2160724        70.26928
       372.2299        391.8209
              0               0               1       -4134.615
   9.733555e-09   -4.292669e-06      0.00591349        52.44119
   2.066728e-08   -8.307014e-06      0.00865811         67.9669
      -4134.615       -3846.154
