              0               0               0       -597.4359
   2.603529e-05    -0.003856313       0.7463501        89.90018
   4.492926e-05     -0.00426853      -0.6646991        117.1578
       235.6128        248.7024
              0               0               1       -597.4359
   2.637221e-06   -0.0004560563   -0.0008820389        99.06726
  -1.443633e-06   -0.0003086865       0.1180378        107.8266
      -597.4359       -484.6154
              0               0               0       -484.6154
  -2.915265e-05    -0.003102156       0.7636554        87.73841
   6.303941e-07    -0.003772469      -0.6450478        124.0216
       230.5662        243.3754
              0               0               1       -597.4359
   2.818071e-06   -0.0005359332     0.005433395        89.90018
   -7.76855e-07   -0.0004399646       0.1203638        117.1578
      -597.4359       -484.6154
