              0               0               0       -1019.231
   5.998224e-08   -0.0001165432       0.9273454       -192.0345
  -2.389484e-07    0.0002855844       0.3742055        19.17608
       158.5847        181.2396
              0               0               1       -1019.231
  -3.506607e-06    0.0005638076       0.3789365       -171.0847
  -2.872523e-06   -0.0001027114        0.162767        27.79749
      -1019.231       -942.3077
              0               0               0       -942.3077
    7.92279e-09    -0.000117654       0.9561275       -159.1578
  -1.620225e-07    0.0003766646       0.2929162        32.43178
       139.1655        159.0463
              0               0               1       -1019.231
  -3.510774e-06    0.0005841228       0.4032388       -192.0345
  -3.522572e-06   -1.525285e-05       0.1943411        19.17608
      -1019.231       -942.3077
