              0               0               0       -4711.538
   8.744796e-07   -3.623754e-05       0.9727005       -108.8596
  -3.750961e-06    0.0001505885       0.2321013        53.39271
       143.8104        159.7894
              0               0               1       -4711.538
   8.050296e-10   -2.678195e-07     -0.03019927       -93.32253
  -9.764336e-10   -1.186702e-06     0.005231475        57.12458
      -4711.538       -4423.077
              0               0               0       -4423.077
   9.524064e-07   -4.194318e-05       0.9710532        -118.718
  -3.836252e-06    0.0001694365       0.2388636        54.37575
       154.6759        171.8621
              0               0               1       -4711.538
    6.90793e-10   -2.168649e-07     -0.03417081       -108.8596
  -6.819998e-10   -1.383631e-06     0.003863749        53.39271
      -4711.538       -4423.077
