              0               0               0       -1387.179
   -1.38614e-07   -0.0001447005       0.8851864       -325.1853
    3.33313e-07    0.0002599431        0.465491       -57.75596
       149.9002        179.8802
              0               0               1       -1387.179
   7.294517e-06   -0.0007811012     -0.04925983       -298.7811
   1.065833e-05    -0.001123748      -0.1906448        -43.5579
      -1387.179       -1274.359
              0               0               0       -1274.359
  -5.813651e-07   -0.0001429155        0.858249       -329.8745
   9.939306e-07    0.0002262171       0.5134798       -79.99019
       152.7452        183.2942
              0               0               1       -1387.179
   7.402362e-06   -0.0007755112     -0.04829039       -325.1853
   1.160116e-05    -0.001208226      -0.2084286       -57.75596
      -1387.179       -1274.359
