              0               0               0       -3923.077
   0.0002163245     -0.00311301        0.892224        127.0309
  -0.0001500609     0.000804599      -0.3666186        46.73916
       443.2182        462.4886
              0               0               1       -3923.077
   8.844918e-09    -1.26162e-06      0.02615301        144.6164
   1.118072e-08   -7.658553e-07     0.004896987        38.89924
      -3923.077       -3653.846
              0               0               0       -3653.846
   0.0001854636    -0.002705697       0.8991674        132.9597
  -0.0001418728     0.001094611      -0.3524314        48.31295
       468.9193        489.3071
              0               0               1       -3923.077
   1.623201e-08   -3.608673e-06      0.02181608        127.0309
    2.70142e-08   -5.093447e-06     0.005258673        46.73916
      -3923.077       -3653.846
