              0               0               0       -2307.692
  -2.885671e-06   -9.907335e-05       0.9861492        86.34227
   4.445651e-07   -0.0008169321      -0.1694617        85.13539
       520.6828         546.717
              0               0               1       -2307.692
   2.742593e-08   -1.065082e-05     0.008099671        111.8977
  -1.253192e-08    1.015279e-05      0.01980969        80.17775
      -2307.692       -2038.462
              0               0               0       -2038.462
  -2.588822e-06   -6.741208e-05       0.9917051          87.003
   4.884826e-07   -0.0007831182      -0.1332275        90.18982
        543.312        570.4776
              0               0               1       -2307.692
   2.861227e-08   -1.110311e-05     0.003369498        86.34227
  -1.066339e-08    7.435207e-06      0.01754474        85.13539
      -2307.692       -2038.462
