              0               0               0        3846.154
   4.863618e-06    0.0001608956       -0.979489       -35.99218
   2.989112e-07     0.001015773        0.204247        -12.3109
      -99.15339       -79.32271
              0               0               1        3846.154
  -6.172354e-09    2.179438e-06      0.01717849       -55.31491
  -4.371567e-08    2.376443e-05     0.005301171       -7.858748
       3846.154        4134.615
              0               0               0        4134.615
   6.123011e-06    0.0001717375      -0.9840376       -32.19701
  -6.694604e-07     0.001274561       0.1811516       -9.189919
      -92.61437        -74.0915
              0               0               1        3846.154
  -4.110098e-09    1.106248e-06      0.01317948       -35.99218
  -5.648193e-08    3.035043e-05     0.006764317        -12.3109
       3846.154        4134.615
