              0               0               0       -865.3846
  -7.028201e-05    0.0002707306       0.9480056        126.0724
   6.486361e-05    -0.001997834       -0.346619        51.50723
         376.25        393.3523
              0               0               1       -865.3846
   7.992367e-07    2.318345e-05      -0.1073436         142.013
  -1.603192e-06     0.001160258     -0.09920071        45.31937
      -865.3846       -788.4615
              0               0               0       -788.4615
  -3.359041e-05    -0.001305209        0.838043        122.5319
   9.334266e-05    -0.003254973      -0.5557462         52.2445
        317.591        332.0269
              0               0               1       -865.3846
    1.80849e-07    0.0001716873     -0.06030275        126.0724
  -2.422111e-06     0.001385202     -0.08263743        51.50723
      -865.3846       -788.4615
