              0               0               0       -2576.923
  -9.972655e-05     0.004676838      -0.9270857        183.9448
  -0.0001093211     0.008822694      -0.6393045        19.12009
       647.5092        672.3773
              0               0               1       -2576.923
    4.34976e-09    1.318851e-06       0.0256406        162.2485
   1.128332e-08    8.954991e-06     0.008774763        6.996679
      -2576.923       -2307.692
              0               0               0       -2307.692
  -8.583774e-05     0.004075209      -0.9065317         191.653
  -0.0001016324     0.008504716      -0.6637167        23.52077
       676.8503        702.8471
              0               0               1       -2576.923
   3.453576e-09    9.176468e-07      0.02813316        183.9448
   1.400679e-08    9.271113e-06      0.01283402        19.12009
      -2576.923       -2307.692
