              0               0               0       -153.8462
  -2.325613e-06    -0.002257489       0.9070156        65.39676
   3.376016e-05    -0.004986251      -0.4196572        123.1228
       214.0089        227.3844
              0               0               1       -153.8462
  -8.558513e-07    0.0002252769      -0.0112595        77.11915
  -6.392603e-07    0.0001061576      0.01272585        116.6983
      -153.8462               0
              0               0               0               0
   6.997462e-07    -0.002098403       0.9030982        65.67684
   2.315681e-05     -0.00429116      -0.4291749         125.432
       218.1648        231.8001
              0               0               1       -153.8462
  -7.697758e-07    0.0002063567     -0.01170714        65.39676
   -7.64755e-07    0.0001388614      0.01174776        123.1228
      -153.8462               0
