              0               0               0       -4192.308
  -7.753375e-06   -0.0002097189       0.9656584        69.58163
  -3.879562e-06    -0.001014044      -0.2622375        62.97357
       362.9602        381.1082
              0               0               1       -4192.308
  -4.201042e-09   -1.072293e-06      0.01496456        86.99099
  -8.974495e-09   -6.141833e-07     0.008779108        57.85732
      -4192.308       -3923.077
              0               0               0       -3923.077
  -6.938784e-06   -0.0001880612       0.9673447        72.33862
  -3.437769e-06   -0.0009475013      -0.2561846        65.31449
       385.4072        404.6775
              0               0               1       -4192.308
  -4.997899e-09    -4.86254e-07      0.01073342        69.58163
  -1.057925e-08    2.233197e-07     0.009401549        62.97357
      -4192.308       -3923.077
