              0               0               0        1387.179
  -7.836778e-08   -1.026643e-07      -0.9927265        354.3531
  -7.581436e-07     6.53391e-06        0.120256       -107.2317
      -598.5107       -568.5852
              0               0               1        1387.179
  -2.263313e-06    0.0005850036     -0.02806869         324.643
   4.072554e-06    -0.001282736       0.2281282       -103.6474
       1387.179            1500
              0               0               0            1500
  -7.234142e-08    5.487465e-07      -0.9970556        355.0776
  -1.119624e-06    1.827324e-05      0.07650248       -90.63212
      -589.8148       -560.3241
              0               0               1        1387.179
  -2.510858e-06    0.0006535333     -0.03535082        354.3531
   4.359344e-06     -0.00137644       0.2469354       -107.2317
       1387.179            1500
