              0               0               0       -634.6154
  -1.286477e-05    -0.001475771       0.9499923        53.39497
   4.846603e-06    -0.004395628      -0.3135183        132.1649
       206.0103        219.7443
              0               0               1       -634.6154
   1.873007e-05    -0.002739126     -0.04260138        66.13049
  -4.946365e-06   -0.0001055055       0.2210754        127.0424
      -634.6154       -557.6923
              0               0               0       -557.6923
  -8.639164e-06    -0.001030688       0.9784057        41.43711
   2.838033e-05    -0.004981712      -0.2066868        145.0564
       214.1604        228.4377
              0               0               1       -634.6154
   1.988585e-05    -0.002874858     -0.05197713        53.39497
  -2.543681e-06   -0.0004716513       0.2189216        132.1649
      -634.6154       -557.6923
