              0               0               0       -3384.615
  -3.944721e-06   -5.419154e-06       0.9995213       -323.2074
   2.466067e-05      0.00103734      0.02505984        23.69537
       21.53173        43.06347
              0               0               1       -3384.615
   1.822995e-09    -5.95898e-07     -0.06216405       -301.7279
  -2.737737e-09   -8.319503e-06     -0.01167925        24.96205
      -3384.615       -3115.385
              0               0               0       -3115.385
   -3.62888e-06   -2.384484e-05        0.999165       -341.0545
   1.914143e-05     0.001112943      0.03639179        19.54283
       22.65583        45.31165
              0               0               1       -3384.615
   1.146674e-09   -1.161967e-07     -0.06634078       -323.2074
  -3.531751e-10    -1.04028e-05     -0.01259736        23.69537
      -3384.615       -3115.385
