              0               0               0        3846.154
  -3.121845e-06   -2.907144e-05       0.9998058        62.87917
  -3.348877e-06    -0.001904485     -0.01994972        79.23203
       197.4768        217.2244
              0               0               1        3846.154
   8.620601e-09   -4.113002e-06     -0.01481395        82.58764
    9.45402e-09   -5.312868e-06    -0.009105731        78.06959
       3846.154        4134.615
              0               0               0        4134.615
  -3.493149e-06   -4.365517e-05       0.9997398        59.66982
  -9.131477e-06    -0.001829184     -0.02558007        76.39014
       185.5139        204.0653
              0               0               1        3846.154
   8.390638e-09   -3.998491e-06     -0.01067052        62.87917
   1.934758e-10   -2.711457e-07     -0.00978977        79.23203
       3846.154        4134.615
