              0               0               0        710.2564
   1.139908e-05    0.0001396625      -0.9989377        16.56258
  -2.961156e-05     0.004982167      0.03355115       -73.51847
      -162.0185        -148.517
              0               0               1        710.2564
   3.179997e-06   -0.0007088888       0.2554413        3.128896
  -9.915241e-06     0.002010738       0.2544617       -72.23016
       710.2564        823.0769
              0               0               0        823.0769
   5.420408e-06   -0.0002134899      -0.9971286         41.8381
  -1.040641e-05     0.002872287     -0.07458468       -31.65709
      -172.3192       -157.9593
              0               0               1        710.2564
   3.940768e-06   -0.0007681023       0.2605308        16.56258
  -9.451176e-06     0.001842297       0.2834942       -73.51847
       710.2564        823.0769
