              0               0               0       -2307.692
   7.053378e-06   -0.0003244513       0.9751231        111.8977
   -7.91899e-06   -0.0007822105       -0.211094        80.17775
        546.717        572.7511
              0               0               1       -2307.692
   2.605148e-08   -1.005244e-05      0.01294474        137.1888
  -1.504666e-08    1.301564e-05      0.02190191         74.0122
      -2307.692       -2038.462
              0               0               0       -2038.462
   6.604806e-06   -0.0002783928       0.9823111        113.8416
  -7.463144e-06   -0.0007433085      -0.1746938        86.00249
       570.4776        597.6432
              0               0               1       -2307.692
   2.742593e-08   -1.065082e-05     0.008099671        111.8977
  -1.253192e-08    1.015279e-05      0.01980969        80.17775
      -2307.692       -2038.462
