              0               0               0        1161.538
   1.734618e-07   -0.0005276794       0.9365865        109.5538
   3.696602e-06    -0.001400968      -0.3503348        74.83966
       290.6984        317.1255
              0               0               1        1161.538
   -8.11066e-06    0.0004822686       0.3149483        133.9398
   4.874686e-06   -0.0003849006      -0.1264063        64.67112
       1161.538        1274.359
              0               0               0        1274.359
   5.861983e-07    -0.000598828        0.895241        137.2181
   3.206335e-06    -0.001200157      -0.4454496         67.1115
       335.2605        365.7388
              0               0               1        1161.538
  -7.704665e-06    0.0004807437       0.2890369        109.5538
   3.274359e-06   -0.0002541015     -0.08150933        74.83966
       1161.538        1274.359
