              0               0               0       -4192.308
   6.935971e-07    1.341249e-05       0.9690443        -109.074
  -2.591757e-06   -5.466484e-05        0.246866        59.51119
       181.4801        199.6281
              0               0               1       -4192.308
  -7.883507e-09    2.308837e-06     -0.02682611       -91.47925
   8.550036e-09    -1.45817e-06     0.005704702        63.95782
      -4192.308       -3923.077
              0               0               0       -3923.077
   1.068824e-06    8.495506e-06       0.9669742       -117.3329
  -4.134662e-06   -3.180987e-05        0.254881        60.68462
       192.7036        211.9739
              0               0               1       -4192.308
  -8.089202e-09    2.688751e-06     -0.03081332        -109.074
   8.106894e-09   -1.611693e-06     0.004204724        59.51119
      -4192.308       -3923.077
