              0               0               0        1048.718
  -0.0008641691      0.04958309       0.1435653       -157.1989
   5.808914e-05    -0.009984734       0.7213771        53.29266
              0        22.31835
              0               0               1        1048.718
  -2.353092e-07    0.0001146027      -0.1195895       -138.9039
   3.771072e-06   -0.0003949245       0.1986243         65.0649
       1048.718        1161.538
              0               0               0        1161.538
  -0.0006102161      0.04079895       0.2217251        -174.366
    0.000103125     -0.01263111       0.6974847        76.34803
              0        26.42712
              0               0               1        1048.718
  -3.384194e-07    7.018992e-05      -0.1557748       -157.1989
   3.768992e-06   -0.0003240564       0.1929412        53.29266
       1048.718        1161.538
