              0               0               0       -3115.385
  -9.577778e-06    0.0001939553      -0.9578593        127.4742
  -7.678296e-06     0.001554586      -0.3163685       -3.506794
       634.2665        656.8902
              0               0               1       -3115.385
   2.613634e-09   -7.032884e-07      0.01802165        105.7923
   -1.92019e-09    5.385613e-06    -0.003259099       -9.957427
      -3115.385       -2846.154
              0               0               0       -2846.154
  -7.311075e-06    9.840368e-05      -0.9523965        133.3037
  -9.559058e-06     0.001592582      -0.3312829       -3.384964
       665.8038        689.5512
              0               0               1       -3115.385
    2.89779e-09   -1.253085e-06      0.02177972        127.4742
    -6.1778e-10      5.5789e-06    -0.001004719       -3.506794
      -3115.385       -2846.154
