              0               0               0        4134.615
   1.140016e-06   -5.317629e-05      -0.9992284        78.43387
  -6.927179e-06     0.001366721     -0.03877057       -17.33978
      -203.7516       -185.2287
              0               0               1        4134.615
  -1.515348e-09    1.675352e-06    -0.008439113        59.91429
   8.692333e-08   -6.035409e-05       0.0212923       -17.63302
       4134.615        4423.077
              0               0               0        4423.077
   1.198415e-06   -6.223797e-05      -0.9989306        74.89568
  -7.630838e-06      0.00144262     -0.04592603       -14.02435
      -190.5067        -173.188
              0               0               1        4134.615
  -3.792859e-09    3.191108e-06     -0.01287064        78.43387
   1.051155e-07   -7.300947e-05      0.02380725       -17.33978
       4134.615        4423.077
