              0               0               0        4192.308
   3.044062e-07    7.701635e-05        0.971534        184.4502
   1.525839e-06    0.0003166917      -0.2368749        50.71311
       311.3012         329.613
              0               0               1        4192.308
     2.0903e-08   -3.118664e-06      -0.0429384        202.2685
  -6.410742e-10   -2.867566e-07    9.154633e-05        46.49105
       4192.308        4461.538
              0               0               0        4461.538
   7.352627e-07    7.433904e-05       0.9730484        174.1403
   3.603686e-06    0.0003124041      -0.2305962        50.33514
       292.1835        309.3708
              0               0               1        4192.308
   1.868263e-08   -2.569377e-06     -0.03895651        184.4502
  -1.200054e-09    3.664986e-07    -0.001415552        50.71311
       4192.308        4461.538
