              0               0               0        1826.923
   0.0001023881    -0.006663944        1.075585       -158.5551
   5.859711e-05    -0.004585913       0.3288425        75.60613
       28.19424        56.38848
              0               0               1        1826.923
  -1.899347e-09    1.222702e-05     0.009399155       -131.2323
   1.120514e-07   -5.870853e-05     -0.02705437        82.54546
       1826.923        2115.385
              0               0               0        2115.385
   0.0001060233    -0.006575078        1.055238       -153.3441
   7.076068e-05    -0.005185642       0.3846755        64.54433
       27.01047        54.02093
              0               0               1        1826.923
  -2.031449e-08    2.447465e-05      0.01269541       -158.5551
   1.259012e-07   -6.490591e-05     -0.03010096        75.60613
       1826.923        2115.385
