              0               0               0       -1274.359
   5.921389e-08    7.001811e-06      -0.9892085       -196.1866
  -3.951489e-07   -4.600741e-05      -0.1465342       -103.9626
       1251.715        1282.214
              0               0               1       -1274.359
   8.316389e-07    0.0006897936      0.06931928       -226.3486
  -3.532549e-06     0.002226742     -0.01377038       -108.4858
      -1274.359       -1161.538
              0               0               0       -1161.538
  -7.946604e-08    8.948375e-06        -0.99485       -180.5625
   7.836686e-07   -8.779352e-05      -0.1013074       -83.86627
       1155.044        1183.186
              0               0               1       -1274.359
   1.061574e-06     0.000517294      0.06661274       -196.1866
  -3.146505e-06     0.002019615    -0.009676912       -103.9626
      -1274.359       -1161.538
