              0               0               0           -1250
  -8.064325e-07    0.0001597539       0.9830247        16.99052
   1.726835e-06   -0.0008568021       0.1837729        105.2319
       550.4374        581.0172
              0               0               1           -1250
   1.985803e-06    0.0003146681      0.02276278         47.1776
  -4.719018e-08   -0.0004128323     -0.04280956        110.0998
          -1250       -1173.077
              0               0               0       -1173.077
  -8.415444e-07    0.0001337614       0.9896286        23.20524
   2.135069e-06   -0.0009252684       0.1439948        100.9218
       516.5371        545.2336
              0               0               1           -1250
   2.394701e-06    0.0004077941      0.03525286        16.99052
   2.010112e-07   -0.0002867087      -0.0351657        105.2319
          -1250       -1173.077
