              0               0               0       -2115.385
  -7.029118e-07   -4.650096e-07        1.000035        6.721849
   1.268641e-06    -0.001138022     0.003438371        94.79991
       456.3439        483.1877
              0               0               1       -2115.385
   3.877699e-08   -1.482634e-05    -0.008962144        33.55261
  -2.544434e-08    4.654476e-06      0.01320591         94.0967
      -2115.385       -1826.923
              0               0               0       -1826.923
  -7.792401e-07     5.97347e-05        0.998516        2.640829
   2.423396e-06    -0.001145277      0.05397161        97.01631
       476.6024        504.6378
              0               0               1       -2115.385
   4.707325e-08    -1.59362e-05     -0.01346752        6.721849
  -1.407517e-08   -3.349825e-07     0.008951367        94.79991
      -2115.385       -1826.923
