              0               0               0       -711.5385
    2.88241e-05    0.0009392498      -0.9012281       -49.73513
    3.63825e-05     0.002032473       0.4339018       -44.21643
        561.789        575.1872
              0               0               1       -711.5385
   1.482258e-05    -0.001988593       0.2210269       -61.57203
  -9.618295e-06     0.001573312       -0.319636       -37.95057
      -711.5385       -634.6154
              0               0               0       -634.6154
   2.079838e-05     0.002228802       -0.839345       -38.53829
    5.46623e-06     0.003482185       0.5434542       -65.73985
       576.7947        590.5268
              0               0               1       -711.5385
    1.57173e-05    -0.001953543       0.2028298       -49.73513
  -6.979373e-06     0.001416547      -0.3474715       -44.21643
      -711.5385       -634.6154
