              0               0               0       -4730.769
   1.249634e-06    9.046037e-06       0.9722316       -92.76532
  -5.060864e-06   -3.905196e-05       0.2340107        57.02243
       158.9623        174.8586
              0               0               1       -4730.769
  -4.906368e-08    3.072886e-05     -0.03092884       -77.30319
   1.383969e-08   -9.568206e-06     0.007806416        60.71212
      -4730.769       -4461.538
              0               0               0       -4461.538
   1.179321e-06    7.167438e-06       0.9706695       -100.8923
  -4.584196e-06   -3.164131e-05       0.2404006        58.32974
       170.2337        187.2571
              0               0               1       -4730.769
  -5.638754e-08    3.544331e-05     -0.03564093       -92.76532
   1.174673e-08   -8.309588e-06     0.006241445        57.02243
      -4730.769       -4461.538
