              0               0               0        4711.538
  -3.707054e-06    1.791889e-05        1.000192        276.1656
   -3.39901e-05     0.001529547     0.005490165        33.44191
       387.2977        403.4351
              0               0               1        4711.538
   5.523623e-11   -1.604303e-08     -0.07084453        292.2952
  -7.396134e-10   -2.614094e-06     0.004921661        33.78598
       4711.538            5000
              0               0               0            5000
  -3.589646e-06    1.469512e-05        1.000056        256.9335
  -3.631254e-05     0.001680319      0.01067406        34.55722
       358.4062        373.3398
              0               0               1        4711.538
  -5.173978e-11   -6.336799e-08     -0.06664863        276.1656
  -1.348953e-09   -2.475454e-06     0.004692738        33.44191
       4711.538            5000
