              0               0               0       -4461.538
    4.06457e-06    -0.000141876      -0.9754635       -235.3646
   1.826024e-05   -0.0006497724       0.2199794        25.32009
       816.4675        833.4625
              0               0               1       -4461.538
   3.451445e-08   -2.134078e-05     -0.06343837       -251.9636
   4.689878e-09   -3.686682e-06    -0.006394029        28.96058
      -4461.538       -4192.308
              0               0               0       -4192.308
    3.50609e-06   -0.0001216713      -0.9766174       -252.2006
   1.453718e-05   -0.0005512542       0.2150029        23.26196
       870.4711        888.5916
              0               0               1       -4461.538
   3.295526e-08   -2.014743e-05     -0.05949812       -235.3646
   6.792127e-09   -4.466715e-06    -0.006934222        25.32009
      -4461.538       -4192.308
