              0               0               0       -1161.538
   1.722935e-06   -0.0002717832      -0.9787091       -68.91791
  -4.074378e-06     0.001286776      -0.2047022       -69.92239
       1042.479         1070.62
              0               0               1       -1161.538
  -2.166824e-06    0.0005938956       0.1259067       -96.63698
  -3.492301e-06    0.0007450203       0.2420082       -74.75475
      -1161.538       -1048.718
              0               0               0       -1048.718
   1.370333e-06   -0.0001173087      -0.9964721       -54.35593
  -2.479593e-06      0.00141187      -0.0834422       -41.76653
        876.495        900.1594
              0               0               1       -1161.538
  -1.801058e-06    0.0005034596      0.09519618       -68.91791
  -3.097583e-06    0.0006815033       0.2121032       -69.92239
      -1161.538       -1048.718
