              0               0               0       -2115.385
    1.17777e-07   -8.829698e-05       0.9945881        60.30722
  -9.763614e-07   -0.0007404103      -0.1025984        91.94707
       510.0314        536.8752
              0               0               1       -2115.385
    2.03993e-08   -1.177187e-05    0.0006537014        86.94436
  -4.956044e-08    1.560402e-05      0.02101102        88.64052
      -2115.385       -1826.923
              0               0               0       -1826.923
   1.371083e-07   -4.867032e-05       0.9985008        58.68487
  -2.325776e-07   -0.0007524629     -0.05202052        96.86518
       532.6732        560.7087
              0               0               1       -2115.385
   2.979774e-08   -1.338532e-05    -0.004242502        60.30722
  -3.853753e-08    1.055849e-05      0.01721045        91.94707
      -2115.385       -1826.923
