              0               0               0        4711.538
  -8.041751e-06    0.0006856659       0.9465288       -41.08572
  -2.509244e-06    -0.001191644       0.3146476        53.80388
       64.54962        80.68702
              0               0               1        4711.538
   2.776881e-10   -1.878556e-07      0.01090852       -25.66644
  -3.825088e-09    1.982656e-07    -0.008855458        58.56061
       4711.538            5000
              0               0               0            5000
  -9.483314e-06    0.0007233883       0.9450074       -36.77082
   1.027356e-06    -0.001296612       0.3195601        51.44439
       59.73437        74.66797
              0               0               1        4711.538
   1.896996e-10   -2.746659e-07      0.01502178       -41.08572
  -3.605318e-09    4.204465e-07    -0.008000846        53.80388
       4711.538            5000
