              0               0               0       -1048.718
   4.292915e-07   -2.002445e-05       -0.999722       -77.98437
  -1.341922e-05     0.001235836     -0.02078585       -42.98334
       900.1594        923.8237
              0               0               1       -1048.718
   1.807599e-06   -0.0001772086       0.2156618       -101.6477
  -4.766904e-07   -0.0005224434       0.3035545       -42.96099
      -1048.718       -935.8974
              0               0               0       -935.8974
  -1.525193e-06    0.0001325671      -0.9957444       -57.48431
  -1.575241e-05     0.001260736      0.09249359       -18.22872
       746.3087        765.9238
              0               0               1       -1048.718
   1.592464e-06   -0.0001394909       0.1771728       -77.98437
  -6.318954e-07   -0.0004369894       0.2767604       -42.98334
      -1048.718       -935.8974
