              0               0               0       -2980.769
   0.0001371631    -0.002318049       0.9059517        148.4875
  -0.0001096878    0.0008666698      -0.3380274        55.17773
       534.1054        557.3274
              0               0               1       -2980.769
    6.28507e-09   -4.278187e-06      0.02618329        169.9931
   2.898857e-09    7.521378e-06      0.01124335        46.42183
      -2980.769       -2692.308
              0               0               0       -2692.308
   0.0001286687    -0.002263034       0.9112237        154.5592
  -9.705175e-05    0.0007940194      -0.3216854         59.1583
       561.7797        586.2049
              0               0               1       -2980.769
   5.018897e-09   -4.123576e-06      0.02182039        148.4875
   7.150868e-10    7.416909e-06      0.01160032        55.17773
      -2980.769       -2692.308
