              0               0               0        153.8462
   0.0001114133     0.004024866      -0.1630819       -88.33428
  -2.050655e-05     0.000796317       0.9883215        14.06041
      -13.40842               0
              0               0               1        153.8462
   3.806435e-07   -5.322342e-05    -0.001284807       -89.52876
   1.624998e-06   -0.0001501652     -0.01549726        27.40597
       153.8462        307.6923
              0               0               0        307.6923
   3.646468e-05     0.004699109      -0.1424309       -88.62379
  -2.064556e-05    0.0007701792       0.9904111        13.84801
       -13.5766               0
              0               0               1        153.8462
   3.505442e-07   -6.950321e-05    0.0005141173       -88.33428
   1.481714e-06   -0.0001533084     -0.01286483        14.06041
       153.8462        307.6923
