              0               0               0       -1096.154
   1.024476e-06   -0.0001935851       0.9079914       -246.1514
  -2.497403e-06    0.0004269147       0.4187414       -11.28873
       152.1759        177.5385
              0               0               1       -1096.154
   7.982963e-06    -0.001258099       0.4550832       -223.2301
   1.004243e-05    -0.002332738       0.3749557      -0.4344614
      -1096.154       -1019.231
              0               0               0       -1019.231
   7.799733e-07    -0.000169554       0.9338269       -213.1124
  -2.419883e-06    0.0004500514       0.3575397        10.87319
       135.9297        158.5847
              0               0               1       -1096.154
   8.150055e-06    -0.001275302        0.479382       -246.1514
    1.14797e-05    -0.002575632       0.4183032       -11.28873
      -1096.154       -1019.231
