              0               0               0       -711.5385
   1.002846e-05   -0.0009952235      -0.9601917        54.46051
  -1.928425e-05     0.003614771      -0.2786494       -54.30858
       454.6034        468.0016
              0               0               1       -711.5385
   1.109803e-05    -0.001037937        0.173092        41.44113
   7.327462e-06    0.0005782453      -0.3461298       -57.43947
      -711.5385       -634.6154
              0               0               0       -634.6154
   1.931497e-05    -0.002146407      -0.9009982        66.39297
  -1.375586e-05     0.004520024      -0.4333566       -72.17391
       466.9386        480.6706
              0               0               1       -711.5385
   9.565653e-06   -0.0008817626       0.1663484        54.46051
   8.335611e-06    0.0005258239      -0.3220204       -54.30858
      -711.5385       -634.6154
