              0               0               0       -4423.077
   9.524064e-07   -4.194318e-05       0.9710532        -118.718
  -3.836252e-06    0.0001694365       0.2388636        54.37575
       154.6759        171.8621
              0               0               1       -4423.077
  -3.575704e-09    4.288407e-07     -0.03015282       -102.0368
   7.103494e-09   -2.031692e-06     0.004303092        58.51148
      -4423.077       -4134.615
              0               0               0       -4134.615
   9.387619e-07   -4.371731e-05       0.9692574       -128.6042
   -3.68251e-06    0.0001711343       0.2460546        55.19337
       165.5431        183.9368
              0               0               1       -4423.077
  -3.105596e-09    3.809367e-07     -0.03412348        -118.718
   6.111686e-09   -1.973823e-06     0.002895253        54.37575
      -4423.077       -4134.615
