              0               0               0            1500
  -6.078826e-07    0.0002073855      -0.9737956        91.05544
  -3.587969e-06    0.0008626524       0.2275436       -66.16594
      -324.3981       -294.9074
              0               0               1            1500
   4.392219e-08   -4.504791e-05      0.02611714        62.50226
  -1.029228e-07     5.79484e-05      0.01681718       -58.79728
           1500        1769.231
              0               0               0        1769.231
  -3.534461e-07    0.0001471103      -0.9885051        95.08028
  -4.066682e-06     0.000927868       0.1513046       -57.02837
      -312.3064       -283.9149
              0               0               1            1500
   6.287784e-08   -5.925248e-05      0.02634429        91.05544
  -1.231931e-07    6.508203e-05      0.02534713       -66.16594
           1500        1769.231
