              0               0               0        4423.077
   7.629701e-07   -1.581167e-06       0.9702049        141.9437
    3.05838e-06   -5.711713e-06      -0.2422936        58.67996
       260.1815        277.5269
              0               0               1        4423.077
   2.772514e-10   -2.690068e-07     -0.03411146        158.7758
   1.932652e-09   -2.785176e-06    -0.002718463        54.49151
       4423.077        4711.538
              0               0               0        4711.538
   1.093801e-06   -3.097545e-06       0.9718191        133.2338
   4.483362e-06   -9.935231e-06      -0.2357641        57.31034
       242.0611        258.1985
              0               0               1        4423.077
   3.151434e-10   -2.949061e-07     -0.03013537        141.9437
   2.137092e-09   -2.845209e-06     -0.00410509        58.67996
       4423.077        4711.538
