              0               0               0        1274.359
   5.026192e-08   -1.529501e-06      -0.9881242        503.5008
   1.836572e-06   -5.588801e-05       0.1490614       -149.1727
      -760.7654       -730.3348
              0               0               1        1274.359
   1.326313e-05    -0.003558286       0.2313681        473.4315
  -2.407035e-05     0.006399666      -0.2030023       -144.6367
       1274.359        1387.179
              0               0               0        1387.179
  -6.459536e-09    1.933051e-07      -0.9940189        503.0359
   3.060582e-06   -9.158954e-05       0.1025223       -123.7154
      -748.1384       -718.2128
              0               0               1        1274.359
   1.425987e-05    -0.003825445       0.2459619        503.5008
  -2.532049e-05     0.006731151      -0.2114764       -149.1727
       1274.359        1387.179
