              0               0               0        1769.231
   -1.53811e-06   -0.0002781503       0.9768223        94.03591
  -9.711718e-07    -0.001271657      -0.2143198        89.49648
       284.3439        312.7783
              0               0               1        1769.231
  -4.605702e-08    3.417669e-05      -0.0314961         121.551
   1.924766e-08   -2.680721e-05      0.01719443        82.35194
       1769.231        2038.462
              0               0               0        2038.462
  -1.612793e-06   -0.0002145454        0.986779        87.87805
  -1.487613e-06     -0.00130549       -0.162235        90.85214
       273.2612        300.5873
              0               0               1        1769.231
  -4.303995e-08    3.361508e-05     -0.02880249        94.03591
   9.900927e-09   -1.743791e-05     0.009012497        89.49648
       1769.231        2038.462
