              0               0               0        2846.154
  -1.482848e-06   -0.0001270991       0.9971779         74.2098
   1.757526e-06    -0.001646769     -0.07481864        88.10282
       239.4698        263.4168
              0               0               1        2846.154
  -9.438737e-09    5.041159e-06     -0.01743351        97.99595
   1.263227e-09   -3.868036e-06    -0.004966099        85.39092
       2846.154        3115.385
              0               0               0        3115.385
  -1.655306e-06   -0.0001057324       0.9981668        70.78133
   2.480318e-06    -0.001753154     -0.05956499        86.04076
       228.1875        251.0063
              0               0               1        2846.154
  -9.727466e-09    5.202094e-06      -0.0134298         74.2098
   3.022297e-09   -3.397625e-06    -0.006963406        88.10282
       2846.154        3115.385
