              0               0               0       -1019.231
   9.296519e-07    1.439294e-05       0.9180913       -129.4373
  -2.215614e-06   -3.254761e-05        0.396367        45.64288
       226.5495        249.2045
              0               0               1       -1019.231
  -3.343223e-06    0.0004760533       0.3071377       -108.6198
  -1.211295e-06   -0.0002960247      0.06805338        54.58009
      -1019.231       -942.3077
              0               0               0       -942.3077
   4.872933e-07    1.467596e-05        0.945796       -102.5115
  -1.378977e-06   -4.280576e-05       0.3247267        51.08393
       198.8078        218.6886
              0               0               1       -1019.231
   -3.41748e-06    0.0005082314       0.3311631       -129.4373
  -1.735896e-06   -0.0002389819      0.09938843        45.64288
      -1019.231       -942.3077
