              0               0               0       -823.0769
   1.166184e-06    0.0001075169      -0.9785507       -44.43905
   7.038621e-06    0.0004044343       0.2068421        -14.6876
       606.3684        621.9163
              0               0               1       -823.0769
  -5.623878e-06    0.0002065176       0.3594649       -59.62308
   1.261524e-05    -0.002845263      -0.2213105       -11.34742
      -823.0769       -710.2564
              0               0               0       -710.2564
   1.088808e-05    0.0005402803      -0.9800241       -11.51007
   1.951938e-05     0.002627522       0.1995084       -57.60682
       521.5291        534.9252
              0               0               1       -823.0769
    -5.3371e-06    0.0002928205       0.3267675       -44.43905
   1.202961e-05    -0.002764839      -0.2216083        -14.6876
      -823.0769       -710.2564
