              0               0               0       -4192.308
  -3.322762e-06    0.0002269099       0.9947073       -38.08065
   1.104966e-06    -0.002179636       0.1011629        74.29984
       254.0721        272.2201
              0               0               1       -4192.308
  -5.592759e-09    9.458551e-07     -0.01044359       -19.97382
   2.417898e-10     -9.2955e-07      0.01021171        75.42448
      -4192.308       -3923.077
              0               0               0       -3923.077
  -3.131487e-06    0.0002271981       0.9944327       -42.05118
   1.711927e-06    -0.002072538       0.1045974        76.85288
        269.785        289.0554
              0               0               1       -4192.308
  -6.000245e-09    1.195675e-06     -0.01463465       -38.08065
   3.064314e-09   -6.152385e-07     0.009426252        74.29984
      -4192.308       -3923.077
