              0               0               0        2038.462
  -2.670107e-06    0.0002790068       0.9833181       -75.29429
  -1.558736e-07   -0.0007698707        0.168855        86.96192
       109.3045        136.6306
              0               0               1        2038.462
   5.953544e-10    6.251097e-06   -6.746046e-05       -48.27017
    6.79223e-09    1.695263e-06     -0.02027764        90.99801
       2038.462        2307.692
              0               0               0        2307.692
  -2.966875e-06    0.0003243081       0.9760443       -73.56327
   2.550514e-07   -0.0008090956       0.2068025        80.92699
       104.7921        130.9901
              0               0               1        2038.462
  -1.558131e-09    7.396253e-06     0.004551171       -75.29429
   6.807572e-09    4.116505e-06     -0.02401717        86.96192
       2038.462        2307.692
