              0               0               0       -153.8462
   7.713249e-06     0.001467715      -0.9501918       -13.11214
  -7.741427e-06     0.004312371       0.3114592       -72.96813
       535.0993          548.48
              0               0               1       -153.8462
   1.023961e-06   -0.0003383286      0.01964692       -25.54511
   8.459546e-07   -0.0001639114     -0.01170938       -68.04703
      -153.8462               0
              0               0               0               0
   2.074339e-05      0.00131441      -0.9516436       -14.12156
    1.12748e-05     0.004099651       0.3085425       -75.64605
        545.431        559.0676
              0               0               1       -153.8462
    9.42962e-07   -0.0003221088      0.02067534       -13.11214
   9.450607e-07   -0.0001999945    -0.009006384       -72.96813
      -153.8462               0
