              0               0               0        1826.923
  -4.242604e-07    1.342258e-05      -0.9993223        433.0994
   1.447672e-05    -0.000394721     -0.03654396       -54.10315
      -647.5295       -619.3761
              0               0               1        1826.923
   1.785601e-07    -0.000137726     -0.01865396        404.9662
  -3.231787e-07    0.0001747963      0.05662564        -55.1218
       1826.923        2115.385
              0               0               0        2115.385
   -1.27972e-06    3.515744e-05      -0.9959932        419.2661
   1.546392e-05    -0.000400618     -0.08930206       -29.60388
      -620.1626        -593.199
              0               0               1        1826.923
   1.942724e-07   -0.0001486707      -0.0212351        433.0994
  -3.415178e-07    0.0001837996       0.0603294       -54.10315
       1826.923        2115.385
