              0               0               0        597.4359
  -1.687247e-05     -0.00349369        0.669986        88.41831
   2.285564e-06    -0.003035085      -0.7423235         115.827
       242.8175        257.1009
              0               0               1        597.4359
   1.342001e-05    -0.002149246      0.01661524        97.22605
  -1.663241e-05     0.002519941      -0.0570491        104.6116
       597.4359        710.2564
              0               0               0        710.2564
   1.924089e-05    -0.002447877       0.8764557        79.59198
   5.109998e-05    -0.004430152      -0.4796298        113.5155
        229.297        242.7851
              0               0               1        597.4359
   1.471567e-05      -0.0024468      0.01050778        88.41831
  -1.441374e-05     0.001966538     -0.05889013         115.827
       597.4359        710.2564
