              0               0               0       -4423.077
   7.077534e-07   -0.0001000561      -0.9951144         32.7483
  -1.863316e-06     0.001050302     -0.09905637       -11.54651
       549.7225        566.8749
              0               0               1       -4423.077
  -1.115214e-09    8.626037e-07    0.0004628428        15.65379
  -4.144916e-08    7.498535e-06    -0.008520832       -12.94597
      -4423.077       -4134.615
              0               0               0       -4134.615
   4.883301e-07   -9.514588e-05      -0.9943212        34.12093
   3.663167e-07    0.0009116383      -0.1067326       -14.12453
       588.3889        606.7527
              0               0               1       -4423.077
  -4.482086e-10    7.521192e-07     0.004578791         32.7483
  -3.352823e-08    6.265916e-06    -0.007954713       -11.54651
      -4423.077       -4134.615
