              0               0               0        942.3077
  -7.800485e-07    0.0002064057       0.9864318       -35.75086
   -5.77566e-06    -0.001121165        0.163311        68.79931
       110.9671        129.4616
              0               0               1        942.3077
   1.624678e-06   -0.0001634499      0.09421842       -17.44162
  -9.236161e-06     0.001235652       0.1160906        71.39964
       942.3077        1019.231
              0               0               0        1019.231
  -7.107349e-07    0.0001144305       0.9946754       -31.60087
  -5.322265e-06   -0.0009706483       0.1018022        81.76347
       127.4848        148.7322
              0               0               1        942.3077
   1.486702e-06   -0.0001332034      0.05539924       -35.75086
  -8.621719e-06     0.001176933       0.1290168        68.79931
       942.3077        1019.231
