              0               0               0       -2307.692
   2.020409e-06    5.438328e-05       0.9427365       -143.7911
  -6.058951e-06   -0.0001515932       0.3335593        64.43803
       286.3756        312.4097
              0               0               1       -2307.692
   3.375833e-08   -9.171677e-06     -0.02840495       -119.1752
   6.866824e-09   -1.397384e-05    -0.009331321         72.9123
      -2307.692       -2038.462
              0               0               0       -2038.462
   2.138905e-06    5.449686e-05       0.9297152       -152.1681
  -5.711015e-06   -0.0001353726       0.3683032        59.73035
       298.8216        325.9872
              0               0               1       -2307.692
   3.415512e-08    -8.25632e-06     -0.03136753       -143.7911
    8.70255e-09   -1.647483e-05     -0.01368095        64.43803
      -2307.692       -2038.462
