              0               0               0       -4711.538
    7.87767e-07   -0.0001363049       0.9814969       -155.6667
  -5.770631e-06    0.0007243784       0.1911356        43.06442
       95.87362        111.8526
              0               0               1       -4711.538
   4.243256e-10    -1.20859e-07     -0.04214126        -140.015
   1.124895e-10   -1.782594e-06     0.001205747        46.27997
      -4711.538       -4423.077
              0               0               0       -4423.077
  -1.329744e-09    -0.000112373       0.9801204       -168.9824
  -1.530413e-06    0.0005778078        0.198155        42.91372
       103.1173        120.3035
              0               0               1       -4711.538
   4.095239e-10   -1.034173e-07     -0.04616526       -155.6667
   7.195036e-13   -1.857828e-06    1.344496e-05        43.06442
      -4711.538       -4423.077
