              0               0               0       -3846.154
   -4.86921e-05    0.0001668342       0.9472209        110.4768
   5.095227e-05    -0.001806488      -0.3468807        54.06226
        431.003        450.5941
              0               0               1       -3846.154
  -6.753929e-09     4.02618e-06      0.02249333        128.7318
    -5.7695e-09    8.039937e-06     0.006351857        46.95628
      -3846.154       -3557.692
              0               0               0       -3557.692
  -4.510432e-05    0.0001800863       0.9497068        115.9675
   4.348351e-05    -0.001705498      -0.3405186        56.74831
       457.5931        478.3928
              0               0               1       -3846.154
  -7.353463e-09    4.530975e-06      0.01833922        110.4768
  -7.861424e-09      9.6645e-06     0.007177926        54.06226
      -3846.154       -3557.692
