              0               0               0        1769.231
   1.375831e-07    0.0001402284      -0.9737032        39.37397
  -4.888907e-07    0.0006020578       0.2277602       -46.09107
      -255.5234       -227.1319
              0               0               1        1769.231
   8.753219e-10   -1.097729e-05      0.01716246        11.84527
   1.447184e-08   -7.134821e-06     0.009461028        -39.1505
       1769.231        2038.462
              0               0               0        2038.462
   1.850916e-07    0.0001132913      -0.9845557        42.46037
  -5.725022e-07     0.000642913       0.1750007       -42.07942
      -245.5424       -218.2599
              0               0               1        1769.231
  -2.077709e-09   -1.044655e-05      0.01442691        39.37397
   2.312306e-08   -1.627166e-05      0.01760516       -46.09107
       1769.231        2038.462
