              0               0               0        1826.923
  -3.489308e-07   -0.0003875747       0.9610729        119.9654
   2.810972e-06    -0.001350855      -0.2760298        83.21463
       310.1367        338.3309
              0               0               1        1826.923
   1.358118e-07   -8.765886e-05     -0.01358301        146.7462
  -8.131984e-08    3.879847e-05      0.01092823        74.42137
       1826.923        2115.385
              0               0               0        2115.385
  -7.168684e-07   -0.0003178643       0.9742692        112.7244
   2.084658e-06    -0.001372678      -0.2250943        85.89053
       297.1151        324.1256
              0               0               1        1826.923
   1.282961e-07   -8.085976e-05     -0.01245281        119.9654
  -5.748891e-08    2.616332e-05     0.006512987        83.21463
       1826.923        2115.385
