              0               0               0            1500
   8.642145e-07    0.0002386103       -0.916821       -48.56641
   2.267805e-06    0.0005296052       0.3989853       -19.33972
      -176.9444       -147.4537
              0               0               1            1500
  -4.240402e-08    2.347945e-05      0.02021636       -75.37445
   1.164981e-09    1.896489e-05     -0.02596212       -7.054584
           1500        1769.231
              0               0               0        1769.231
   5.775726e-07    0.0002088427      -0.9447212       -42.41671
   2.099939e-06    0.0005777129       0.3274852       -22.45851
      -170.3489       -141.9574
              0               0               1            1500
  -2.583622e-08    9.868043e-06      0.02205768       -48.56641
  -1.921917e-08     2.67564e-05      -0.0173946       -19.33972
           1500        1769.231
