              0               0               0       -1387.179
  -7.335821e-07    0.0001681042       0.9854285       -3.881867
   8.160485e-07   -0.0009885567       0.1704033        99.02285
       509.6607        539.6407
              0               0               1       -1387.179
   5.843404e-06    -0.000888342      -0.0481963        25.79264
  -1.829685e-06    0.0001655856      0.02279726         103.265
      -1387.179       -1274.359
              0               0               0       -1274.359
  -9.412185e-07    0.0002437201       0.9721143       -12.45858
   1.374177e-06    -0.001015478       0.2344708        99.06283
       519.3337        549.8827
              0               0               1       -1387.179
   6.226656e-06   -0.0009048752     -0.05318817       -3.881867
  -7.730091e-07    4.265626e-05     0.005381115        99.02285
      -1387.179       -1274.359
