              0               0               0        3846.154
   8.487019e-07   -1.343272e-05       0.9655914        159.7105
   3.145239e-06    -4.96727e-05      -0.2600647         61.4478
       296.2151        315.9628
              0               0               1        3846.154
   7.414441e-09   -3.636318e-06     -0.03458879          178.78
   1.878369e-08   -1.061924e-05    -0.002103269        56.31698
       3846.154        4134.615
              0               0               0        4134.615
   9.291219e-07   -9.904034e-06       0.9684056        150.7101
   3.659489e-06   -4.036754e-05      -0.2493607        59.89402
       278.2708        296.8222
              0               0               1        3846.154
   8.620123e-09   -4.220926e-06     -0.03070127        159.7105
   2.166477e-08   -1.197999e-05    -0.003733417         61.4478
       3846.154        4134.615
