              0               0               0       -2846.154
  -1.950536e-07   -0.0001475765       0.9919051        36.16577
   4.618167e-06    -0.001166042      -0.1268328        85.41627
       428.0843        451.8668
              0               0               1       -2846.154
   5.301784e-09   -5.041746e-06      0.00357215        59.66962
   1.575578e-09    7.790097e-07      0.01241816        81.80247
      -2846.154       -2576.923
              0               0               0       -2576.923
  -3.430558e-07   -0.0001175138        0.994316        35.68349
   3.599883e-06    -0.001098291      -0.1067694        88.51785
       448.3015        473.2072
              0               0               1       -2846.154
   5.177792e-09   -5.086431e-06    -0.000797234        36.16577
    1.41621e-09   -3.544942e-07      0.01151293        85.41627
      -2846.154       -2576.923
