              0               0               0        788.4615
   8.028343e-06    8.435104e-05      -0.9992886        19.07882
   6.258435e-06     0.002866083      0.04024607       -45.05132
      -150.3968       -136.7244
              0               0               1        788.4615
  -1.763278e-06    2.784873e-06       0.2269302        5.452397
  -9.440696e-06    0.0001086946        0.362296       -43.94929
       788.4615        865.3846
              0               0               0        865.3846
    1.78463e-06   -5.424363e-05      -0.9994858        37.79469
  -1.996253e-05     0.002069921     -0.02919973       -19.70826
      -172.4122       -156.7384
              0               0               1        788.4615
  -2.121444e-06    0.0001497689       0.2443385        19.07882
  -9.759235e-06    5.293368e-05       0.3831348       -45.05132
       788.4615        865.3846
