              0               0               0        942.3077
   5.752522e-06   -2.634342e-05       0.9894063        253.6008
   6.829278e-05   -0.0004805347      -0.1491718         21.8868
       406.8794        425.3739
              0               0               1        942.3077
   4.899045e-06   -0.0009977166       0.6203305        271.9267
  -3.800874e-07   -0.0006215439      -0.2355567         19.3956
       942.3077        1019.231
              0               0               0        1019.231
   8.246997e-06   -2.362338e-05       0.9691916        295.3094
   4.458509e-05   -0.0002330136      -0.2482126        2.376483
       467.4441        488.6916
              0               0               1        942.3077
   4.664987e-06   -0.0009409357       0.5869884        253.6008
  -2.137034e-06   -0.0003117323      -0.2170096         21.8868
       942.3077        1019.231
