              0               0               0           -1250
   8.456342e-07    1.113351e-05       0.8195355       -202.0888
  -1.219195e-06    -1.58874e-05       0.5730308        1.976673
       305.7985        336.3784
              0               0               1           -1250
   4.534743e-06    0.0008194344       0.1070032       -176.9929
   2.966748e-06    0.0007029836      0.03492464        19.45015
          -1250       -1173.077
              0               0               0       -1173.077
   1.288404e-06   -7.242272e-06       0.8415117       -186.0221
  -2.006389e-06     1.10648e-05       0.5402292         12.1823
       286.9651        315.6616
              0               0               1           -1250
   4.756171e-06    0.0008506811       0.1152876       -202.0888
   3.430707e-06    0.0008538676      0.04669104        1.976673
          -1250       -1173.077
