              0               0               0       -1274.359
   6.143486e-07   -0.0001961959       0.8478895       -303.8057
  -1.142804e-06     0.000317308        0.530084       -64.06443
       183.2942        213.8433
              0               0               1       -1274.359
  -1.364759e-06     0.001654389      0.04665084       -278.0691
  -3.622715e-06     0.002241792       -0.036446       -47.60732
      -1274.359       -1161.538
              0               0               0       -1161.538
   4.611715e-07   -0.0001841772       0.8712606       -278.1338
  -1.012943e-06    0.0003312214       0.4906901       -42.46067
       169.1477         197.339
              0               0               1       -1274.359
  -1.249902e-06     0.001687812      0.05303577       -303.8057
  -4.046597e-06     0.002483686     -0.03721586       -64.06443
      -1274.359       -1161.538
