              0               0               0        4730.769
  -2.924317e-06   -0.0001296877      -0.9779011         118.622
   1.583306e-05    0.0006177385      -0.2088666       -3.745802
      -224.4869       -208.4521
              0               0               1        4730.769
   1.429484e-07    -2.35239e-05     -0.02507136        102.8962
  -6.465947e-08    7.672799e-06      0.01315323       -6.870826
       4730.769            5000
              0               0               0            5000
  -7.266123e-06   -8.397861e-05      -0.9761143        111.8294
   4.090099e-05     0.000324048      -0.2176754      -0.9969477
      -208.7691        -193.857
              0               0               1        4730.769
   1.721517e-07   -2.865854e-05     -0.02999238         118.622
  -6.359432e-08    7.981412e-06      0.01267083       -3.745802
       4730.769            5000
