              0               0               0        710.2564
   9.614244e-06   -0.0002497589      -0.9974512        30.05158
   3.926607e-05     0.003391709     -0.07950911        -73.1599
      -175.5201       -162.0185
              0               0               1        710.2564
   3.940768e-06   -0.0007681023       0.2605308        16.56258
  -9.451176e-06     0.001842297       0.2834942       -73.51847
       710.2564        823.0769
              0               0               0        823.0769
   4.395809e-06   -0.0004028605      -0.9882779        56.09977
    7.85329e-06     0.002533969      -0.1522182       -30.01703
      -186.6792       -172.3192
              0               0               1        710.2564
   4.600467e-06   -0.0007944052         0.26195        30.05158
  -8.826739e-06     0.001648077       0.3088167        -73.1599
       710.2564        823.0769
