              0               0               0       -246.1538
   1.766056e-05    -0.003420597      -0.6911842        97.96087
  -9.106553e-07      0.00333438      -0.7225006       -45.65778
       417.8984        431.3819
              0               0               1       -246.1538
  -3.101035e-07    0.0001563169     -0.01678318        88.06269
   5.354742e-07   -0.0003112945      0.03575672       -54.79565
      -246.1538       -123.0769
              0               0               0       -123.0769
    2.25828e-05    -0.003569831      -0.6908663        97.63127
   -6.97442e-06     0.003468587      -0.7227345       -45.03321
       415.2892        428.6895
              0               0               1       -246.1538
   -3.54492e-07    0.0001775475     -0.01916018        97.96087
   3.674819e-07   -0.0002449523      0.02965605       -45.65778
      -246.1538       -123.0769
