              0               0               0       -1019.231
   1.104215e-07    1.332617e-05      -0.9999535       -72.70593
   -1.44387e-05     0.001312392       0.0050548       -36.95066
       860.3685        882.9834
              0               0               1       -1019.231
   8.456028e-08    0.0001711647       0.2055414       -95.31176
  -6.144343e-06    0.0007690455       0.2222358       -36.33214
      -1019.231       -942.3077
              0               0               0       -942.3077
  -1.202087e-06    0.0001106074      -0.9962707       -58.71541
  -1.377822e-05     0.001159491      0.08565531       -19.53168
       754.9699        774.8122
              0               0               1       -1019.231
   3.540687e-07    0.0001195291       0.1705871       -72.70593
  -5.784024e-06    0.0007354274       0.2041004       -36.95066
      -1019.231       -942.3077
