              0               0               0        2115.385
   5.698619e-06   -4.734055e-05       0.9673603         393.335
   2.870357e-05   -0.0002840113      -0.2553806       -10.98678
       594.2303        621.2407
              0               0               1        2115.385
  -4.174959e-08    2.326577e-05     -0.06069302        419.5416
   1.150199e-07    -0.000110521      0.07913102       -17.52631
       2115.385        2403.846
              0               0               0        2403.846
    4.96181e-06   -3.418665e-05       0.9762638        377.7233
   3.127689e-05   -0.0002821121      -0.2188352        4.159938
       567.4761        593.2705
              0               0               1        2115.385
  -4.090751e-08    2.324459e-05     -0.05742173         393.335
   1.079464e-07   -0.0001034469      0.07336686       -10.98678
       2115.385        2403.846
