              0               0               0        1173.077
     9.9786e-07   -2.449127e-05      -0.9984213        399.0712
   1.597621e-05      -0.0004269      0.05595078        -84.4349
      -618.7924       -591.8884
              0               0               1        1173.077
   -9.55587e-06    0.0002065631       0.5042877        372.2114
   2.382855e-05    -0.001796909      -0.6203864       -82.92748
       1173.077            1250
              0               0               0            1250
   1.944175e-06   -5.749235e-05      -0.9905415         437.568
   1.285633e-05   -0.0003882519       0.1373564       -134.5511
      -689.4646       -659.4879
              0               0               1        1173.077
  -1.046555e-05    0.0002414124       0.5438141        399.0712
   2.530732e-05    -0.001920982      -0.6534899        -84.4349
       1173.077            1250
