              0               0               0       -4711.538
  -4.691421e-06   -6.653998e-06        1.000545       -234.8738
   5.041159e-05     0.001310606     -0.01171674         33.6621
       15.97894        31.95787
              0               0               1       -4711.538
   1.903504e-10   -4.089759e-08     -0.06247961        -218.907
  -1.068858e-10   -1.985407e-06    -0.004012482        34.01518
      -4711.538       -4423.077
              0               0               0       -4423.077
  -3.853074e-06   -2.565693e-05        1.000471        -254.096
   4.013311e-05     0.001293581    -0.003526759        32.16477
       17.18621        34.37243
              0               0               1       -4711.538
   2.453591e-11     2.85845e-08     -0.06664711       -234.8738
   1.320578e-09   -3.078356e-06    -0.004412635         33.6621
      -4711.538       -4423.077
