              0               0               0       -4461.538
  -4.534823e-06    1.750406e-05       0.9926275       -217.6123
   3.995977e-05   -0.0004709501       0.1253266        34.76813
       51.07012         68.0935
              0               0               1       -4461.538
   2.707089e-08   -1.722453e-05     -0.05161355       -200.7318
    1.03962e-09   -1.979407e-06      -0.0031628        36.96226
      -4461.538       -4192.308
              0               0               0       -4192.308
  -3.989796e-06    9.137684e-06        0.992003         -233.33
    3.27772e-05   -0.0003188664       0.1294746        33.54695
       54.44402        72.59203
              0               0               1       -4461.538
   2.926263e-08   -1.854975e-05      -0.0555068       -217.6123
  -4.344855e-10   -1.608857e-06    -0.004071144        34.76813
      -4461.538       -4192.308
