              0               0               0        1161.538
   0.0001231124    -0.007579825        1.099611       -151.2753
     5.9719e-05    -0.004455225       0.2459419         87.8624
       26.42712        52.85425
              0               0               1        1161.538
    2.18464e-07    0.0001030252     -0.05658945       -125.2372
  -8.908873e-06    0.0007922987       0.2287246        92.35264
       1161.538        1274.359
              0               0               0        1274.359
    9.57268e-05    -0.006865256        1.117953       -160.4027
   3.420988e-05    -0.003105362       0.1297539        113.4102
       30.47823        60.95646
              0               0               1        1161.538
   1.403876e-06    3.495965e-05      -0.1027158       -151.2753
  -9.939206e-06    0.0008814384       0.2535131         87.8624
       1161.538        1274.359
