              0               0               0        1048.718
  -4.287666e-05     0.002517281       0.9368839       -117.4558
  -3.160998e-05    0.0005603042       0.2389621        71.22413
       44.63669        66.95504
              0               0               1        1048.718
    1.12395e-07    0.0001294704     -0.04499982       -95.76887
   3.695399e-06   -0.0005588071       0.1869625        76.48505
       1048.718        1161.538
              0               0               0        1161.538
  -3.310791e-05     0.002180692       0.9569274       -125.2372
  -1.943503e-05    0.0002793794       0.1355863        92.35264
       52.85425        79.28137
              0               0               1        1048.718
  -5.959253e-08     0.000123195     -0.08211173       -117.4558
   3.766231e-06   -0.0004824258       0.1937646        71.22413
       1048.718        1161.538
