              0               0               0       -123.0769
  -9.385407e-06     0.001829457       0.9053886       -25.36228
  -1.490256e-05    -0.003900176         0.42568        122.7264
       120.5596        133.9551
              0               0               1       -123.0769
   4.664254e-07   -0.0001105639    -0.002669619       -12.92842
  -1.083909e-06    0.0001278292      0.02240437        127.6929
      -123.0769               0
              0               0               0               0
  -1.260832e-05     0.001967807        0.904842        -26.7339
  -1.624749e-05    -0.004031671       0.4269884        125.3346
       122.7177         136.353
              0               0               1       -123.0769
   5.853225e-07   -0.0001285112    -0.004194081       -25.36228
  -1.010111e-06    0.0001135079      0.02252246        122.7264
      -123.0769               0
