              0               0               0       -1096.154
   4.679223e-08    9.645275e-07      -0.9997258       -186.9669
  -1.328277e-06    -4.99899e-05     -0.02335389       -55.94873
       1064.598        1089.924
              0               0               1       -1096.154
   4.764509e-06   -0.0007231581        0.373374        -212.284
   1.585126e-05    -0.002809554       0.4404142       -56.59382
      -1096.154       -1019.231
              0               0               0       -1019.231
   5.177072e-08   -4.976225e-06      -0.9989675       -163.0797
   9.966873e-07   -0.0001069851      0.04538019        -33.1085
       950.8284        973.4433
              0               0               1       -1096.154
   4.071921e-06   -0.0006147414       0.3337265       -186.9669
    1.49027e-05    -0.002604323       0.4090739       -55.94873
      -1096.154       -1019.231
