              0               0               0        935.8974
  -6.465834e-06    0.0005036144       0.9665274       -71.88658
   9.043784e-07    -0.001033426       0.2464279        60.32164
       73.07254        91.34067
              0               0               1        935.8974
   5.562983e-07   -6.115595e-05      0.02075376       -54.10128
  -5.886365e-06     0.001295067      0.09932947        64.48405
       935.8974        1048.718
              0               0               0        1048.718
  -4.211147e-06     0.000339695       0.9848666       -73.84238
   1.498117e-06    -0.001000271       0.1596817        80.63942
       89.27339        111.5917
              0               0               1        935.8974
   4.345496e-07   -1.686657e-05      -0.0209637       -71.88658
  -5.436619e-06     0.001209713       0.1128088        60.32164
       935.8974        1048.718
