              0               0               0       -3384.615
   2.120778e-06    5.447873e-05       0.9646814       -112.9388
   -8.56926e-06   -0.0001943177       0.2634651        67.72647
       236.8491        258.3808
              0               0               1       -3384.615
   1.165552e-08   -8.147179e-06     -0.02238687       -92.12113
  -2.059895e-08    8.842641e-06     0.003602131         73.2237
      -3384.615       -3115.385
              0               0               0       -3115.385
   2.258136e-06    5.135509e-05       0.9616378       -120.3508
  -8.618015e-06   -0.0001751729       0.2743745        68.40642
       249.2141        271.8699
              0               0               1       -3384.615
   1.111668e-08   -7.645141e-06     -0.02627759       -112.9388
  -2.069928e-08     8.28262e-06     0.001796001        67.72647
      -3384.615       -3115.385
