              0               0               0        2038.462
  -2.859833e-05     0.002066387       0.9344241       -128.5885
  -2.152418e-05     0.000471711       0.2476573        74.96218
       54.65223        81.97835
              0               0               1        2038.462
   -3.82153e-09    8.432312e-06     0.009357992       -102.0949
   7.007655e-09    6.686976e-06     -0.02761998        81.64273
       2038.462        2307.692
              0               0               0        2307.692
  -2.987479e-05     0.002114237       0.9244065       -124.1703
  -2.507085e-05    0.0006113521       0.2831928        67.44015
       52.39603        78.59405
              0               0               1        2038.462
  -6.012387e-09    9.319819e-06      0.01433714       -128.5885
   6.902365e-09    9.296523e-06     -0.03094219        74.96218
       2038.462        2307.692
