              0               0               0       -3115.385
  -3.564974e-06    2.822007e-05       0.9870078       -296.0739
    2.27007e-05   -0.0003339581       0.1634199        24.56484
       67.96748         90.6233
              0               0               1       -3115.385
  -1.097955e-09    9.279664e-07      -0.0541986       -273.7394
   -8.27653e-09   -9.560731e-06     -0.01332147        28.35982
      -3115.385       -2846.154
              0               0               0       -2846.154
   -3.30946e-06    2.389997e-05       0.9844974       -311.6682
   1.932149e-05    -0.000272736        0.177823        19.58403
       71.34739        95.12985
              0               0               1       -3115.385
  -7.022601e-10    9.318068e-07     -0.05812189       -296.0739
   -8.82813e-09   -1.019929e-05     -0.01511428        24.56484
      -3115.385       -2846.154
