              0               0               0       -942.3077
   1.054016e-06   -0.0001146377      -0.9937658        20.48762
  -5.152519e-06     0.001026491       -0.111167       -17.50616
       675.6006        695.4429
              0               0               1       -942.3077
   1.968219e-06    0.0002079948      0.08717761       0.7320883
  -8.585651e-06   -0.0003913525       0.1478965       -19.34808
      -942.3077       -865.3846
              0               0               0       -865.3846
   5.259558e-07   -4.136538e-05      -0.9988766        26.63499
   2.951888e-06    0.0009089408      -0.0474153       -13.66504
       581.2774        598.3575
              0               0               1       -942.3077
   1.881881e-06     0.000200517      0.05335607        20.48762
  -7.981569e-06    -0.000315136       0.1214041       -17.50616
      -942.3077       -865.3846
