              0               0               0        710.2564
  -1.107932e-05    -0.003037334       0.7574394        101.7015
   1.636671e-05    -0.003667687      -0.6525832        98.15162
       256.2732        269.7612
              0               0               1        710.2564
  -1.791993e-06     0.002039321       0.1199808        111.3382
   1.158546e-05    -0.003302293     -0.03017085        88.72245
       710.2564        823.0769
              0               0               0        823.0769
   -2.64136e-06   -0.0002521417       0.9419653        134.8254
  -5.334341e-06   -0.0007092253       -0.335729        64.89265
       272.1534        286.4773
              0               0               1        710.2564
   -2.60948e-06      0.00221085      0.07738374        101.7015
   1.180295e-05    -0.003256606     -0.07761697        98.15162
       710.2564        823.0769
