              0               0               0        484.6154
   7.109684e-06     0.002606445      -0.8540372       -35.25013
  -1.565161e-05     0.004275208       0.5191685       -78.20752
      -139.6353       -124.1202
              0               0               1        484.6154
   5.581105e-06   -0.0001510424       -0.117819       -47.84658
  -5.086329e-06    0.0006566661      0.05885146       -69.18195
       484.6154        597.4359
              0               0               0        597.4359
  -1.283044e-06     0.003201985      -0.7830873       -44.72107
  -2.163153e-05     0.003923779        0.622221       -70.89504
      -125.8268       -111.8461
              0               0               1        484.6154
   7.178257e-06    -0.000361967      -0.1344779       -35.25013
  -4.673059e-06    0.0007482797      0.03987481       -78.20752
       484.6154        597.4359
