              0               0               0            1500
   5.033794e-07    5.083317e-05       0.8692094        260.1763
   9.320044e-07    8.889565e-05      -0.4944472        7.372695
       472.6433        502.1835
              0               0               1            1500
   2.385769e-07   -0.0001635154    -0.003553709        285.9102
  -1.569634e-07    4.486988e-05      0.07818759       -7.131779
           1500        1769.231
              0               0               0        1769.231
   4.469261e-07    4.536292e-05       0.9047575        251.9837
   1.002462e-06    9.589605e-05      -0.4259294        26.11841
       454.9502        483.3846
              0               0               1            1500
   2.240428e-07   -0.0001507812    -0.006074334        260.1763
  -1.333928e-07    3.492136e-05      0.06989405        7.372695
           1500        1769.231
