              0               0               0        3557.692
  -4.336402e-05     0.002575386       0.8987934       -97.59739
  -4.546881e-05     0.001091863       0.3548045        49.77027
       41.92593         62.8889
              0               0               1        3557.692
  -1.119664e-08    2.763944e-06      0.01975655       -78.02375
   2.588043e-08   -5.194137e-06     -0.01112355        57.26898
       3557.692        3846.154
              0               0               0        3846.154
  -5.061336e-05     0.002797596       0.8973339       -90.78497
  -4.642885e-05    0.0009943008       0.3585306        47.13892
       39.49535        59.24303
              0               0               1        3557.692
  -9.554875e-09    2.299874e-06      0.02374803       -97.59739
   2.090532e-08   -3.876984e-06      -0.0097432        49.77027
       3557.692        3846.154
