              0               0               0        634.6154
  -4.964294e-06    -0.004033543      -0.4317101        108.2087
   1.761363e-05     0.001955299      -0.9016823        -32.2132
      -296.3711       -281.5526
              0               0               1        634.6154
   9.558287e-06   -0.0002042992     -0.01153099        100.9095
    1.05804e-05   -2.471003e-05    -0.007760998       -45.08815
       634.6154        711.5385
              0               0               0        711.5385
   2.392052e-05    -0.003360135      -0.6655755        112.6991
  -1.181963e-05     0.003106116      -0.7462994       -31.48106
      -269.8933       -256.3987
              0               0               1        634.6154
   8.403339e-06   -2.158532e-05       0.0103114        108.2087
   1.241571e-05   -0.0002722037     -0.04300922        -32.2132
       634.6154        711.5385
