              0               0               0        1173.077
   4.104379e-08   -4.028219e-06      -0.9976538        238.0891
   5.897381e-07   -5.834913e-05      0.06840443       -72.61498
      -457.3683       -430.4643
              0               0               1        1173.077
  -4.298286e-06      1.5953e-05       0.2711431        211.2461
   1.496771e-05    -0.001079507      -0.4147157       -70.80538
       1173.077            1250
              0               0               0            1250
  -3.432523e-08   -5.430171e-06      -0.9887101        259.8853
  -2.069464e-07    -3.59964e-05       0.1496577       -106.7297
      -509.6043       -479.6276
              0               0               1        1173.077
  -5.187299e-06    4.875809e-05       0.3102941        238.0891
   1.640101e-05    -0.001192108      -0.4488385       -72.61498
       1173.077            1250
