              0               0               0       -461.5385
   1.563357e-05    -0.002506024       -0.860423        72.75856
    2.54368e-07     0.004327469      -0.5097411       -79.50011
       500.1559         514.456
              0               0               1       -461.5385
   3.279549e-06   -0.0006653117      -0.1056172        59.98767
  -5.185092e-07    0.0002538643     0.003891362       -85.90378
      -461.5385       -307.6923
              0               0               0       -307.6923
    2.00167e-05    -0.001613339       -0.949774        53.31898
  -1.150522e-05     0.004842632      -0.3120589       -77.76568
       483.8944        497.7185
              0               0               1       -461.5385
   3.192523e-06   -0.0006675438     -0.09922088        72.75856
   1.443667e-08    0.0001370379     -0.01015063       -79.50011
      -461.5385       -307.6923
