              0               0               0       -597.4359
   3.107869e-05    -0.004103266      -0.6141191        102.5281
  -1.249224e-05     0.003284258      -0.7882612       -48.31713
       416.1834        431.0073
              0               0               1       -597.4359
  -8.916688e-07   -0.0002652395       0.0863322          92.624
  -3.227508e-06    0.0007242798     -0.03803195       -59.32122
      -597.4359       -484.6154
              0               0               0       -484.6154
    1.30856e-05    -0.004267873      -0.5290552        107.0589
   1.376173e-05     0.002548939      -0.8478275       -46.34757
       414.8342        430.6014
              0               0               1       -597.4359
    -6.6285e-07   -0.0002553966      0.07741095        102.5281
  -3.545602e-06    0.0006367305    -0.009248679       -48.31713
      -597.4359       -484.6154
