              0               0               0        1769.231
  -2.605049e-07    1.040633e-05      -0.9997637        435.4865
   1.423729e-05   -0.0003998014     -0.02268687        -60.3312
      -653.0042       -624.6128
              0               0               1        1769.231
  -6.209712e-08    2.025891e-05     -0.04188088        407.1041
   1.241435e-07   -0.0001298714       0.1136244       -60.97175
       1769.231        2038.462
              0               0               0        2038.462
  -1.093913e-06    3.283729e-05      -0.9971141        423.2867
   1.513774e-05   -0.0004093782     -0.07626164       -35.29373
      -627.4973       -600.2148
              0               0               1        1769.231
  -6.714214e-08    2.311914e-05     -0.04667117        435.4865
   1.323599e-07   -0.0001388145       0.1207753        -60.3312
       1769.231        2038.462
