              0               0               0       -710.2564
   5.786962e-05     0.001273459       0.5995292       -108.0528
  -5.546978e-05   -0.0009442191       0.8015641        53.90112
       26.71864        40.07797
              0               0               1       -710.2564
   3.022964e-06    -0.001875414       0.4126038       -99.67825
   1.004733e-06   -0.0005798421       0.1824202         64.3087
      -710.2564       -597.4359
              0               0               0       -597.4359
   1.094745e-05     0.003920582       0.2556576        -76.7009
  -1.517991e-05    -0.001097059       0.9675398        66.50908
        26.1792         39.2688
              0               0               1       -710.2564
   2.908834e-06    -0.002023462       0.4691548       -108.0528
   -1.13105e-07   -0.0001615185       0.1314146        53.90112
      -710.2564       -597.4359
