              0               0               0        3557.692
   0.0009524987    -0.005892775      -0.9536746       -118.8079
  -0.0002177945      0.01010308        0.593953        13.51481
      -20.94882               0
              0               0               1        3557.692
  -3.281382e-11    7.843838e-08      0.03027277       -132.6156
  -6.431856e-10    1.931198e-06     -0.00476281         28.3889
       3557.692        3846.154
              0               0               0        3846.154
    0.001060234    -0.005884425      -0.9551163       -110.8909
  -0.0002838169      0.01183264       0.5983075        12.85553
      -19.83068               0
              0               0               1        3557.692
   8.858857e-09   -1.864129e-06      0.02724627       -118.8079
   1.665052e-08   -3.906669e-06    -0.002544077        13.51481
       3557.692        3846.154
