              0               0               0       -2038.462
   7.663496e-08   -4.915207e-06      -0.9980371       -274.3153
   1.012628e-06   -7.509347e-05      0.06267516         -39.446
       1194.512        1221.636
              0               0               1       -2038.462
  -3.551016e-08    2.292203e-05     -0.03747421       -301.3889
  -1.260907e-07   -1.902202e-05     -0.05862899       -37.78099
      -2038.462       -1769.231
              0               0               0       -1769.231
    2.49066e-08   -1.095252e-06      -0.9999359       -282.2793
   1.129725e-06   -7.813384e-05       0.0115788       -57.69526
       1243.222        1271.454
              0               0               1       -2038.462
  -2.308181e-08    2.040068e-05         -0.0334       -274.3153
  -1.161171e-07   -1.712278e-05     -0.05475621         -39.446
      -2038.462       -1769.231
