              0               0               0        3384.615
     3.7824e-07    6.830828e-05       0.9659941        215.3617
   1.628382e-06    0.0002551032      -0.2585518         50.5138
       368.9143        390.6151
              0               0               1        3384.615
  -1.203876e-08    5.230817e-06     -0.04208858        236.3606
  -5.219729e-09   -2.463513e-06     0.004974729        45.03979
       3384.615        3653.846
              0               0               0        3653.846
   4.308523e-07    6.953587e-05       0.9671225        205.2655
   1.873839e-06    0.0002644426      -0.2542932        51.19657
       349.3558        369.9061
              0               0               1        3384.615
  -1.432807e-08    6.320309e-06     -0.03816324        215.3617
  -9.277466e-09   -3.576917e-07     0.003304793         50.5138
       3384.615        3653.846
