              0               0               0        4134.615
   8.291398e-07   -5.604911e-05       0.9696291        132.7361
   3.092026e-06   -0.0002124516      -0.2446705        64.48637
       259.7194        278.2708
              0               0               1        4134.615
  -4.083389e-09    3.238796e-06     -0.03098457        150.7101
  -1.110902e-08    6.768368e-06    -0.005236771        59.89402
       4134.615        4423.077
              0               0               0        4423.077
    1.34774e-06   -7.171254e-05       0.9714763        125.1075
   5.490674e-06   -0.0002914261      -0.2371396        62.85227
        242.836        260.1815
              0               0               1        4134.615
   -4.58131e-09    3.632589e-06     -0.02711224        132.7361
  -1.227891e-08    7.669446e-06    -0.006855483        64.48637
       4134.615        4423.077
