              0               0               0       -3846.154
   2.919694e-07   -0.0002318272       0.9762652        54.02344
  -9.739266e-07   -0.0009687918      -0.2160724        70.26928
       372.2299        391.8209
              0               0               1       -3846.154
  -6.961605e-09     4.32749e-06      0.01003689        73.06272
  -8.005316e-09    9.815425e-06     0.008537095        65.65704
      -3846.154       -3557.692
              0               0               0       -3557.692
   4.949429e-07   -0.0002188304       0.9781436        55.89611
   1.197475e-07   -0.0009512612      -0.2073641        73.46783
        395.194        415.9937
              0               0               1       -3846.154
  -6.806415e-09    4.130599e-06     0.005866739        54.02344
  -8.405259e-09    9.578133e-06     0.009024779        70.26928
      -3846.154       -3557.692
