              0               0               0       -1161.538
   7.173241e-07    9.104481e-06       0.8493096       -181.5437
  -1.125938e-06   -1.547729e-05        0.527883        15.70972
       281.9129        310.1041
              0               0               1       -1161.538
  -4.177693e-06    0.0009228101         0.29919       -157.5773
  -4.765569e-06    0.0005866327       0.1769856        30.55389
      -1161.538       -1048.718
              0               0               0       -1048.718
   1.680127e-06   -9.449933e-06       0.9068511       -139.5861
  -3.674341e-06    2.120552e-05       0.4214486        41.19323
       237.0089        260.7098
              0               0               1       -1161.538
  -4.400073e-06    0.0009908065         0.31612       -181.5437
  -5.348321e-06    0.0006933897       0.2157239        15.70972
      -1161.538       -1048.718
