              0               0               0       -2846.154
  -1.271705e-07    5.331001e-08       -0.987323       -147.9302
  -9.258056e-07    7.653911e-06       0.1586245       -23.79332
       950.7728        974.5202
              0               0               1       -2846.154
   6.366957e-09    6.765904e-07     -0.03041406       -171.3782
   1.448943e-08   -2.042754e-05     -0.01886011       -20.03448
      -2846.154       -2576.923
              0               0               0       -2576.923
  -1.120071e-07    8.785107e-07      -0.9903568       -154.7638
  -9.030289e-07    1.203608e-05       0.1384586        -29.7469
       995.6635        1020.532
              0               0               1       -2846.154
   5.919797e-09    1.031474e-06     -0.02608878       -147.9302
   1.386379e-08   -1.864886e-05     -0.01809737       -23.79332
      -2846.154       -2576.923
