              0               0               0        2115.385
  -6.353154e-08    4.488943e-06      -0.9968508        231.0274
   9.513617e-07   -5.884522e-05     -0.07933651       -43.31105
      -431.4175       -404.4539
              0               0               1        2115.385
  -7.863828e-09   -6.737249e-07     -0.01925619        204.1508
   6.156433e-08   -5.662224e-05      0.04563853       -45.47438
       2115.385        2403.846
              0               0               0        2403.846
  -7.573321e-08    5.864751e-06      -0.9931829        223.9288
   7.495147e-07   -5.156858e-05      -0.1165896       -32.51898
      -412.0915       -386.3358
              0               0               1        2115.385
  -1.156509e-08    1.894887e-06     -0.02419277        231.0274
   6.846985e-08   -6.345809e-05      0.05002033       -43.31105
       2115.385        2403.846
