              0               0               0        942.3077
   0.0002554611     -0.01076656        1.045574       -124.6106
   0.0001643207    -0.008286559       0.4539404        43.96036
       18.49452        36.98904
              0               0               1        942.3077
   3.990709e-07    5.390635e-05      -0.1050004       -107.3398
  -5.096771e-06     0.000769847       0.1667376        50.56087
       942.3077        1019.231
              0               0               0        1019.231
   0.0001777432    -0.008689381        1.058781       -135.1947
   0.0001192417    -0.006845807         0.39127        59.25555
       21.24746        42.49492
              0               0               1        942.3077
   2.292464e-07    8.000942e-05      -0.1451041       -124.6106
  -4.478204e-06    0.0007064514       0.1709933        43.96036
       942.3077        1019.231
