              0               0               0        1048.718
   2.705543e-06   -0.0002726368       0.9316586        123.6339
   6.918347e-06   -0.0006820336      -0.3634009         63.9153
       290.1385        312.4569
              0               0               1        1048.718
   1.331132e-06    1.214964e-05       0.3061427        144.3213
   9.429785e-07   -0.0009735284     -0.03555988        55.54197
       1048.718        1161.538
              0               0               0        1161.538
   3.463402e-06   -0.0003231166       0.8869392        157.6491
   6.561065e-06   -0.0006068445      -0.4619525        53.00351
       343.5526        369.9797
              0               0               1        1048.718
   1.324524e-06    2.584397e-05       0.2817236        123.6339
   1.334555e-06   -0.0009724834    -0.003988877         63.9153
       1048.718        1161.538
