              0               0               0        2403.846
   1.513558e-07   -2.611216e-06      -0.9945299        326.3256
  -1.296553e-06    1.682087e-05      -0.1043378       -21.18586
      -515.1144       -489.3587
              0               0               1        2403.846
   8.246944e-09     -1.0003e-05     -0.03908662        300.7116
  -1.459777e-08   -7.051435e-06      0.03708174       -23.88415
       2403.846        2692.308
              0               0               0        2692.308
   1.873378e-07   -2.611032e-06      -0.9913021        313.1362
  -1.282942e-06    1.276299e-05      -0.1315106       -10.88493
      -490.9735       -466.4248
              0               0               1        2403.846
   9.461848e-09   -1.065182e-05     -0.04343797        326.3256
  -1.562862e-08    -8.01158e-06      0.03932137       -21.18586
       2403.846        2692.308
