              0               0               0        4423.077
  -7.224238e-06    0.0001238271      -0.9759662        278.8978
   3.356339e-05   -0.0005677673       -0.217801        24.76675
      -398.3323       -381.0135
              0               0               1        4423.077
   5.530588e-09   -5.156684e-06     -0.05725126        261.9948
   -2.81854e-08    2.235494e-05     0.002997269        20.99875
       4423.077        4711.538
              0               0               0        4711.538
  -9.638426e-06     0.000153329      -0.9740515        260.8748
    4.31829e-05   -0.0006785967      -0.2261974        26.68628
      -370.4982       -354.3896
              0               0               1        4423.077
   4.999601e-09   -4.514535e-06     -0.06159328        278.8978
  -2.327773e-08    1.766066e-05     0.003496909        24.76675
       4423.077        4711.538
