              0               0               0       -1274.359
   6.352506e-06   -9.748588e-05       0.9967751        108.4791
  -4.677877e-06   -0.0006954678      0.04383415        115.2602
       641.5299        672.0789
              0               0               1       -1274.359
  -1.924588e-06    0.0005274279     -0.04663461        139.0197
   2.986703e-06    -0.001327256      0.01127118        115.8169
      -1274.359       -1161.538
              0               0               0       -1161.538
   7.223261e-06   -0.0001402391       0.9977294        109.5303
  -7.005092e-06   -0.0006938981    -0.002650241        105.2667
        592.017        620.2083
              0               0               1       -1274.359
  -2.041675e-06    0.0006827207     -0.04171976        108.4791
   2.541575e-06    -0.001118966     0.005313288        115.2602
      -1274.359       -1161.538
