              0               0               0       -1173.077
  -6.186386e-08    7.708911e-06      -0.9923716       -240.5338
   4.295359e-07   -5.881399e-05      -0.1232264       -95.93059
       1233.025         1261.67
              0               0               1       -1173.077
  -1.169388e-05     0.001867531       0.3331972       -268.9555
  -2.615689e-05     0.003042527       0.4683478       -99.49859
      -1173.077       -1096.154
              0               0               0       -1096.154
  -6.740344e-08    4.519627e-06      -0.9995869        -212.284
   2.244327e-06   -0.0001509075      -0.0284417       -56.59382
       1089.924        1115.249
              0               0               1       -1173.077
  -1.043647e-05     0.001685258       0.2993663       -240.5338
  -2.453131e-05     0.002851518       0.4371862       -95.93059
      -1173.077       -1096.154
