              0               0               0       -2307.692
   2.523768e-07   -8.678854e-05      -0.9911852       -5.453125
   9.761164e-08    0.0006528671      -0.1323617       -37.76957
       884.8244        910.8212
              0               0               1       -2307.692
  -1.224862e-08    7.671332e-06    0.0005402483       -31.27495
  -7.368983e-10   -4.057206e-06     -0.01687763       -40.76761
      -2307.692       -2038.462
              0               0               0       -2038.462
   3.057932e-07   -0.0001086068       -0.985657       -4.002905
  -5.789902e-07    0.0006418841      -0.1686204       -41.50697
       923.2634        950.3882
              0               0               1       -2307.692
  -1.573402e-08     7.78216e-06      0.00443182       -5.453125
  -2.506678e-09   -1.668547e-06     -0.01325083       -37.76957
      -2307.692       -2038.462
