              0               0               0       -865.3846
   1.277408e-06   -0.0001828372      -0.9880276        77.59637
  -8.698829e-07     0.001070359      -0.1532318       -8.562915
       530.0372        547.1173
              0               0               1       -865.3846
   3.260928e-07    0.0005530334      0.04493736        60.67382
   4.505805e-06    -0.001610433     -0.07570157        -10.8722
      -865.3846       -788.4615
              0               0               0       -788.4615
   1.448998e-06   -0.0005352223      -0.9594895        81.53923
   4.456661e-06     0.001799413      -0.2811287       -20.49687
       447.6966        462.1629
              0               0               1       -865.3846
   7.917225e-07     0.000495985      0.00841972        77.59637
   3.855465e-06    -0.001303751     -0.07766628       -8.562915
      -865.3846       -788.4615
