              0               0               0        2846.154
   0.0007273969    -0.005016911      -0.9382265       -138.6914
  -0.0001962748     0.009227033       0.6243749        16.61304
      -23.90519               0
              0               0               1        2846.154
  -2.731265e-10     5.74966e-07      0.02985198         -154.05
  -6.185931e-09    9.896523e-06     -0.01275525        34.13043
       2846.154        3115.385
              0               0               0        3115.385
   0.0008076496    -0.005530159      -0.9474372       -131.0717
  -0.0001934666     0.009275766       0.6079162         14.9163
      -22.78258               0
              0               0               1        2846.154
   1.490292e-09   -1.275106e-07      0.02822792       -138.6914
  -8.570491e-09    1.187531e-05    -0.008878169        16.61304
       2846.154        3115.385
