              0               0               0        1161.538
   1.020088e-06    1.233581e-05      -0.9984597        155.1048
   9.644942e-06    0.0003060995       0.0562275       -62.88497
      -369.4851       -343.0933
              0               0               1        1161.538
  -1.510265e-06   -0.0001457704       0.1621204        128.7811
   1.103638e-05    -0.001062184      -0.2866692       -61.01052
       1161.538        1274.359
              0               0               0        1274.359
    1.77038e-06    2.971325e-05      -0.9873776        173.0164
   8.419018e-06     0.000218649       0.1587723       -96.29533
      -426.0287        -395.598
              0               0               1        1161.538
  -2.412581e-06   -0.0001008505       0.2008484        155.1048
   1.243767e-05    -0.001195694      -0.3195509       -62.88497
       1161.538        1274.359
