              0               0               0        1274.359
   1.003129e-06    0.0001341553       0.8331395        315.2972
   1.759084e-06    0.0001987237      -0.5530983       -50.10001
       548.6081        579.0864
              0               0               1        1274.359
   1.095427e-05    -0.002935828       0.1795759        340.8428
  -1.596102e-05     0.004241399      -0.1290568       -66.72307
       1274.359        1387.179
              0               0               0        1387.179
   4.502681e-07    0.0001415123       0.8583306        313.6005
   9.729113e-07    0.0002346773      -0.5131224       -35.07552
       539.4792        569.4503
              0               0               1        1274.359
   1.058174e-05     -0.00283449       0.1700598        315.2972
  -1.434713e-05     0.003812923      -0.1143874       -50.10001
       1274.359        1387.179
