              0               0               0        865.3846
  -9.501974e-06     0.000188101       -0.962324        190.6913
   3.176287e-05   -0.0005802185      -0.2725543        13.19195
      -329.1506       -313.4767
              0               0               1        865.3846
  -4.065392e-06    3.300733e-05        0.565131        175.6177
   1.880266e-06    -0.002385429       0.1341378        8.899742
       865.3846        942.3077
              0               0               0        942.3077
  -1.381856e-06    6.143562e-05      -0.9927012        235.7464
   9.911022e-06   -0.0004486717      -0.1209088         8.28132
      -387.6425       -369.1833
              0               0               1        865.3846
   -4.00108e-06   -1.905515e-05       0.6108559        190.6913
   2.000363e-06      -0.0022702      0.09895609        13.19195
       865.3846        942.3077
