              0               0               0        3846.154
  -3.841481e-06    0.0002161707       0.9863605        274.9861
  -2.899449e-05     0.001393981         -0.1629         34.2566
       414.7012        434.4489
              0               0               1        3846.154
   1.099413e-09   -6.243261e-07     -0.05834651        294.5191
   2.026818e-09   -3.028318e-06     0.006533436        31.36003
       3846.154        4134.615
              0               0               0        4134.615
  -3.775482e-06    0.0001997529       0.9880008        259.2894
  -3.308477e-05     0.001407333       -0.152464        35.59665
       389.5791        408.1305
              0               0               1        3846.154
   1.720596e-09   -9.334349e-07     -0.05428901        274.9861
   3.344765e-09   -3.658218e-06     0.005422434         34.2566
       3846.154        4134.615
