              0               0               0       -1387.179
   8.316824e-08   -4.910191e-06      -0.9957601        -434.193
  -3.678907e-06    0.0002171999     -0.08838367       -111.8391
       1457.972        1487.492
              0               0               1       -1387.179
   8.449959e-06   -0.0007907806     -0.05300914       -463.5896
   1.622271e-05    -0.001636668      -0.2968007       -114.3535
      -1387.179       -1274.359
              0               0               0       -1274.359
  -2.117206e-07    1.291465e-05      -0.9892318       -437.3363
  -8.228812e-07    5.019457e-05      -0.1435653       -141.0193
       1495.709        1526.208
              0               0               1       -1387.179
   7.664707e-06   -0.0006983834     -0.04662896        -434.193
   1.532825e-05    -0.001541558      -0.2798291       -111.8391
      -1387.179       -1274.359
