              0               0               0       -3846.154
   4.415194e-07   -0.0001265346       0.9764262       -195.7211
  -3.076466e-06    0.0005875552        0.215661        42.03223
       117.5463        137.1373
              0               0               1       -3846.154
  -2.171924e-09    1.508499e-06     -0.04246804       -176.6371
   1.475803e-09   -4.441529e-06   -0.0008135299        46.45963
      -3846.154       -3557.692
              0               0               0       -3557.692
   2.887702e-07   -0.0001141244       0.9749155       -209.0453
    -2.1265e-06    0.0005142202       0.2223414        41.06284
       124.7981        145.5978
              0               0               1       -3846.154
  -1.674026e-09    1.182479e-06     -0.04639236       -195.7211
   2.770774e-10    -3.62569e-06     -0.00233773        42.03223
      -3846.154       -3557.692
