              0               0               0        3269.231
  -9.487643e-07    1.902487e-06      -0.9839104        176.2353
   4.873994e-06   -4.669423e-06      -0.1785897       -17.17032
      -332.1478       -310.0046
              0               0               1        3269.231
   1.767848e-08   -4.152394e-06     -0.02377324         154.439
  -1.235614e-07    8.484381e-06      0.01716808       -21.07424
       3269.231        3557.692
              0               0               0        3557.692
  -1.303698e-06   -1.223369e-05      -0.9828106        168.2662
   7.116856e-06    6.520631e-05       -0.184615       -14.60833
      -314.2322       -293.2834
              0               0               1        3269.231
    2.11203e-08    -4.36795e-06      -0.0281235        176.2353
  -1.325282e-07    8.390205e-06      0.01748899       -17.17032
       3269.231        3557.692
