              0               0               0        710.2564
   1.820045e-05   -0.0009869616      -0.9807536        43.42839
  -3.954454e-05     0.004993446      -0.1927217        -71.3708
      -189.0216       -175.5201
              0               0               1        710.2564
   4.600467e-06   -0.0007944052         0.26195        30.05158
  -8.826739e-06     0.001648077       0.3088167        -73.1599
       710.2564        823.0769
              0               0               0        823.0769
  -9.561778e-07   -0.0003616685      -0.9772993        70.21113
    2.15683e-05     0.001604811      -0.2116508       -27.37253
      -201.0391       -186.6792
              0               0               1        710.2564
   5.155022e-06    -0.000789994       0.2609045        43.42839
  -8.107527e-06      0.00144381       0.3302897        -71.3708
       710.2564        823.0769
