              0               0               0       -246.1538
  -1.126967e-05     0.004174799      -0.5978794       -67.39131
  -2.936077e-05     0.003167007       0.8014165       -35.33542
       606.6675         620.151
              0               0               1       -246.1538
   6.028005e-07    -0.000287232      0.03031602       -74.72145
  -7.458076e-07    0.0001268786   -0.0006411595       -24.02571
      -246.1538       -123.0769
              0               0               0       -123.0769
  -9.509122e-06     0.003848244      -0.5999093       -66.84658
  -1.823841e-05      0.00279903       0.7996323       -34.74713
       602.8928         616.293
              0               0               1       -246.1538
   7.238293e-07   -0.0003270961      0.03371941       -67.39131
  -5.086893e-07    3.248719e-05     0.008487025       -35.33542
      -246.1538       -123.0769
