              0               0               0            1500
   2.896751e-06    0.0001212328       0.8977689        364.3238
   7.189238e-06    0.0002302002      -0.4407842       -48.39843
       590.8041        620.3443
              0               0               1            1500
   2.999662e-07   -0.0002157659     0.005215627        391.0245
  -2.504625e-07    8.353133e-05       0.1116655       -61.03308
           1500        1769.231
              0               0               0        1769.231
   2.432994e-06    0.0001077982       0.9291725        356.0793
   7.677625e-06    0.0002515949      -0.3699949        -19.6617
       568.6878        597.1222
              0               0               1            1500
   2.844148e-07   -0.0002026953     0.003333449        364.3238
  -2.263479e-07    7.363719e-05       0.1033179       -48.39843
           1500        1769.231
