              0               0               0        2403.846
   7.035624e-06   -0.0002136652       0.9707959       -97.69896
   8.349271e-06    -0.001430658       0.2742128        72.82516
        77.3831        103.1775
              0               0               1        2403.846
   8.292429e-09   -8.095876e-07     0.009655029       -72.67931
    5.40364e-09    2.160054e-06      -0.0179408        79.08972
       2403.846        2692.308
              0               0               0        2692.308
   7.387224e-06   -0.0001768855       0.9627999       -93.44208
   9.218531e-06    -0.001497909       0.3006813        67.59849
       73.77438        98.36584
              0               0               1        2403.846
   7.268049e-09    -4.50768e-07      0.01428246       -97.69896
   7.048473e-09    2.843137e-06      -0.0195258        72.82516
       2403.846        2692.308
