              0               0               0        1048.718
   8.580652e-09    4.927728e-06      -0.9989337        243.2061
  -5.252022e-08   -0.0001059871     -0.04608514       -28.16767
      -423.3714       -401.0887
              0               0               1        1048.718
    1.24059e-07    3.861117e-05        0.344851        220.9497
  -6.810083e-06    0.0006044575       -0.328677       -29.24778
       1048.718        1161.538
              0               0               0        1161.538
   1.255481e-07   -1.061467e-05      -0.9981047        286.8725
   1.935022e-06   -0.0001715678      0.06140242       -69.95155
       -501.444       -475.0522
              0               0               1        1048.718
    2.83668e-07    2.855011e-05       0.3802108        243.2061
  -7.037679e-06    0.0005605206      -0.3440165       -28.16767
       1048.718        1161.538
