              0               0               0       -942.3077
   3.012549e-06   -4.528823e-05      -0.9959453       -216.4989
   2.759503e-05   -0.0004229036      0.09069087        -2.22587
       913.7085        933.5509
              0               0               1       -942.3077
    5.23036e-06    2.796326e-05       0.5339266        -236.255
  -4.850884e-06      -0.0010561       0.3363523      -0.3772764
      -942.3077       -865.3846
              0               0               0       -865.3846
   7.233222e-06   -9.600122e-05      -0.9850534       -175.8209
   3.737231e-05   -0.0005105415       0.1725842        14.05388
       786.2382        803.3183
              0               0               1       -942.3077
   4.622839e-06    5.663293e-05       0.4971035       -216.4989
  -6.310733e-06    -0.001000566        0.325945        -2.22587
      -942.3077       -865.3846
