              0               0               0       -4134.615
   7.027261e-07   -0.0001824352      -0.9839452        70.46915
  -6.246891e-06     0.001280336      -0.1813696       -8.916752
       551.6612         570.025
              0               0               1       -4134.615
  -2.522504e-09    7.084619e-07     0.009077344        52.34295
   4.936304e-08   -1.750807e-05     -0.01088946       -11.85431
      -4134.615       -3846.154
              0               0               0       -3846.154
   3.665065e-07   -0.0001640289      -0.9804548        74.28083
  -4.844291e-06     0.001072788      -0.1996446       -11.72286
       587.9984        607.6428
              0               0               1       -4134.615
  -3.474794e-09    1.000423e-06      0.01321438        70.46915
   3.728633e-08   -1.297811e-05    -0.009086748       -8.916752
      -4134.615       -3846.154
