              0               0               0        3269.231
    3.36337e-07    0.0001117337      -0.9910616       0.1250097
  -1.826426e-06    0.0008471004       0.1335042       -22.21841
      -155.0023       -132.8591
              0               0               1        3269.231
   3.625306e-09   -2.841501e-06     0.009694268       -21.76181
  -3.692956e-08    8.191615e-06     0.007964786       -18.86668
       3269.231        3557.692
              0               0               0        3557.692
   3.305582e-07     0.000106103      -0.9921077        1.619066
  -1.878007e-06    0.0008485771       0.1255736       -19.75969
      -146.6417       -125.6929
              0               0               1        3269.231
   4.286824e-09   -2.972935e-06     0.005680266       0.1250097
  -4.531021e-08    9.019488e-06     0.009692052       -22.21841
       3269.231        3557.692
