              0               0               0        1173.077
  -1.676769e-06   -0.0001688761       0.9881465        35.24618
  -2.812318e-06    -0.001119119      -0.1536274        94.54413
       215.5454        242.4886
              0               0               1        1173.077
  -6.835418e-06    0.0004188678       0.2284446        61.71459
    1.96405e-06   -0.0003287137       0.0121325        89.53751
       1173.077            1250
              0               0               0            1250
  -1.347106e-06   -0.0002385041       0.9724034        49.70669
  -1.619268e-06    -0.001008848      -0.2333644        97.38067
       240.2241        270.2522
              0               0               1        1173.077
   -6.10942e-06    0.0003975737       0.1935545        35.24618
   4.180139e-07   -0.0002087567      0.05045975        94.54413
       1173.077            1250
