              0               0               0        935.8974
    1.05033e-06      0.00011502       0.9688679        178.2907
   5.679941e-06      0.00044289       -0.247572        37.62151
       328.8264        347.0945
              0               0               1        935.8974
   2.709766e-06    -0.000901868        0.524634        196.0349
  -4.240078e-06    0.0006919704      -0.2003834        33.28126
       935.8974        1048.718
              0               0               0        1048.718
  -3.379543e-07    0.0001550976       0.9307502          226.79
  -4.727013e-07    0.0003948489      -0.3656553        21.36213
       401.7302        424.0486
              0               0               1        935.8974
   2.382424e-06   -0.0007973813       0.4895163        178.2907
   -5.13004e-06    0.0009203872      -0.1826582        37.62151
       935.8974        1048.718
