              0               0               0       -2980.769
  -7.334776e-07    0.0003011891        0.977229       -79.17701
  -6.005547e-06    -0.001337058       0.2122603        80.32319
       301.8857        325.1077
              0               0               1       -2980.769
   8.154266e-10   -3.435088e-06     -0.01666803       -56.33058
  -1.378358e-09   -3.685908e-06     0.006208873        84.45607
      -2980.769       -2692.308
              0               0               0       -2692.308
  -4.473157e-07    0.0002996501       0.9732339       -85.34862
  -5.229081e-06    -0.001241538       0.2296593        81.11471
       317.5277        341.9529
              0               0               1       -2980.769
   3.701172e-10   -2.911709e-06      -0.0205858       -79.17701
  -1.056877e-09   -5.400181e-06     0.004389622        80.32319
      -2980.769       -2692.308
