              0               0               0       -1019.231
   3.496237e-06   -0.0003650485        0.951712       -255.7623
   -1.25851e-05      0.00117734       0.3060817       -4.409977
        90.6198        113.2748
              0               0               1       -1019.231
  -3.504104e-06    0.0006226786       0.4530795        -234.348
  -4.891348e-06    0.0001782214        0.257025         2.98222
      -1019.231       -942.3077
              0               0               0       -942.3077
   2.253329e-06   -0.0002758845       0.9763736       -216.7259
  -1.351257e-05     0.001312882       0.2149414        16.89563
       79.52314        99.40392
              0               0               1       -1019.231
  -3.483095e-06     0.000640225       0.4788346       -255.7623
  -5.675479e-06    0.0002903956       0.2882174       -4.409977
      -1019.231       -942.3077
