              0               0               0       -3923.077
   2.290983e-07   -4.414806e-06       0.9997837       -306.6735
   3.199392e-05   -0.0006165343    -0.002220547        28.84666
              0        19.27036
              0               0               1       -3923.077
    3.03764e-09   -1.557996e-06     -0.06637222       -287.4073
   9.024167e-11   -2.533566e-06    -0.007789515        28.80387
      -3923.077       -3653.846
              0               0               0       -3653.846
  -2.456549e-07    5.008363e-06       0.9997326       -325.7128
   3.098759e-05   -0.0006317687     0.005221038        26.41836
              0         20.3878
              0               0               1       -3923.077
   2.541885e-09   -1.496517e-06     -0.07049856       -306.6735
  -1.084758e-10   -2.736454e-06    -0.008274793        28.84666
      -3923.077       -3653.846
