              0               0               0        3384.615
  -4.133685e-06    0.0002706864       0.9936606        342.8299
  -2.345644e-05      0.00261468      -0.1062916        24.50869
       499.1194        520.8202
              0               0               1        3384.615
  -1.709071e-09    3.734124e-07     -0.06632995        364.4784
   1.122126e-08   -1.150602e-05      0.01325767        23.19368
       3384.615        3653.846
              0               0               0        3653.846
  -4.083066e-06    0.0002529279       0.9944127        326.1072
   -2.25879e-05     0.002647147     -0.09901424         27.2609
       472.6578        493.2082
              0               0               1        3384.615
  -3.235714e-09    1.071492e-06       -0.062167        342.8299
   7.610871e-09   -9.633732e-06      0.01226452        24.50869
       3384.615        3653.846
