              0               0               0               0
    1.21837e-05     0.003311108       0.5901478       -68.37432
  -3.068184e-05    -0.002361597       0.8075308        90.99084
       68.17649        81.81179
              0               0               1               0
  -5.338692e-07    0.0001490251     -0.00675205       -59.68098
   5.534533e-07   -0.0002222453      0.01125509        101.4849
              0        153.8462
              0               0               0        153.8462
   -5.50912e-06     0.003665653       0.5922476       -67.72018
  -1.284614e-05    -0.002696441       0.8051716        89.69458
       67.01878        80.42254
              0               0               1               0
  -5.972782e-07    0.0001644857    -0.006916869       -68.37432
   4.346915e-07   -0.0001928392      0.01095333        90.99084
              0        153.8462
