              0               0               0        1387.179
    -7.6272e-07   -5.401901e-05       0.9958148       -11.76546
  -1.886851e-06    -0.000711665     -0.08994447        106.8075
       179.8264        209.7975
              0               0               1        1387.179
  -1.125808e-06    0.0003540843     -0.05447751        18.01111
  -6.528189e-07    0.0001824049     -0.02264911        103.4217
       1387.179            1500
              0               0               0            1500
  -7.519935e-07   -2.129031e-05       0.9988014       -14.71165
   -2.63695e-06   -0.0006947293     -0.04621056          104.29
       177.2412        206.7814
              0               0               1        1387.179
  -8.724977e-07    0.0002840658     -0.04705679       -11.76546
  -9.387415e-07    0.0002762912     -0.04153705        106.8075
       1387.179            1500
