              0               0               0        2307.692
   0.0005954234    -0.004047462      -0.9034691       -154.0055
  -0.0001878204     0.008449287       0.6679853        24.30612
      -26.15767               0
              0               0               1        2307.692
   1.232516e-09    9.432067e-07      0.02839933       -169.7508
  -1.030555e-08    1.898611e-05     -0.02627264         44.1987
       2307.692        2576.923
              0               0               0        2576.923
   0.0006600623    -0.004673317      -0.9234436       -146.3216
  -0.0001824936     0.008555321       0.6411886         19.7517
      -25.03216               0
              0               0               1        2307.692
  -3.623987e-09    1.923081e-06       0.0282851       -154.0055
   -1.31287e-08    1.782712e-05     -0.02076438        24.30612
       2307.692        2576.923
