              0               0               0       -369.2308
    7.69409e-05     0.003772731      -0.2262349       -82.70024
   -1.39167e-05    0.0009866971       0.9756452       -7.355324
       662.1922        676.9523
              0               0               1       -369.2308
  -2.060514e-06    0.0006450752     -0.05002075       -84.97015
   3.794706e-07    0.0001792049     -0.08035901        7.215542
      -369.2308       -246.1538
              0               0               0       -246.1538
    1.44834e-05     0.003807813      -0.3899572       -80.66633
  -7.234551e-06     0.001668657       0.9199954       -11.94314
       633.6345         647.118
              0               0               1       -369.2308
  -2.276961e-06      0.00061955     -0.02523553       -82.70024
   3.015349e-08    0.0002131363     -0.06396496       -7.355324
      -369.2308       -246.1538
