              0               0               0       -1538.462
  -1.681168e-08    9.227648e-06      -0.9989629       -432.9575
   4.318915e-06    3.027566e-05     -0.03930364       -86.68848
       1433.593        1462.829
              0               0               1       -1538.462
   1.812556e-06   -0.0002683264      -0.0888744       -462.1557
   3.582689e-06   -0.0007972695      -0.2812821       -87.70376
      -1538.462           -1250
              0               0               0           -1250
  -4.288052e-07    8.993734e-06      -0.9880285       -436.4465
   3.805354e-06    2.492607e-05       -0.151645       -144.6907
       1497.183        1527.711
              0               0               1       -1538.462
   1.676577e-06   -0.0002454048     -0.08081325       -432.9575
   3.401519e-06   -0.0007553791      -0.2662173       -86.68848
      -1538.462           -1250
