              0               0               0            1250
    6.51029e-07    -1.27736e-05       0.8237589        236.1571
   9.382984e-07   -1.844325e-05      -0.5669307        3.666369
       450.4203        480.4483
              0               0               1            1250
   2.465583e-06    -0.001743117       0.2928131         260.899
  -2.936649e-06     0.001979567      -0.2444436       -13.34866
           1250        1538.462
              0               0               0        1538.462
   6.558731e-07   -7.532637e-06       0.8738527        233.7774
   1.180776e-06   -1.350832e-05      -0.4861915        24.65834
       441.3737        470.7986
              0               0               1            1250
   2.388261e-06    -0.001683061       0.2785215        236.1571
  -2.538322e-06     0.001707473      -0.2085542        3.666369
           1250        1538.462
