              0               0               0        1096.154
   -6.25302e-07   -0.0004656175       0.9572319        92.78364
   3.027796e-06    -0.001533162      -0.2892404         77.1104
       264.0157        288.0171
              0               0               1        1096.154
   1.653734e-06    4.832987e-05       0.2780273        115.4817
  -2.903479e-06    -2.06199e-05      -0.0623378        69.32687
       1096.154        1173.077
              0               0               0        1173.077
   7.212536e-07   -0.0005647017       0.9312589        113.2119
   4.893357e-06    -0.001438117      -0.3640344        73.84459
       296.3749        323.3181
              0               0               1        1096.154
   1.603224e-06    6.397098e-05       0.2511596        92.78364
  -2.569151e-06    1.759511e-05     -0.02860686         77.1104
       1096.154        1173.077
