              0               0               0        461.5385
   1.561726e-05     0.001082531      -0.9738952       -5.291236
  -6.688902e-06     0.004839331       0.2256028        -89.3884
      -170.2949       -154.8135
              0               0               1        461.5385
   1.661169e-06    0.0001072331     -0.03782512       -20.05105
  -4.762907e-07    0.0003369518     -0.04411491       -84.76073
       461.5385        557.6923
              0               0               0        557.6923
   9.215393e-06     0.001291313      -0.9701141       -6.271142
  -2.245806e-05     0.005222258       0.2388986       -91.29182
      -173.5573       -157.7793
              0               0               1        461.5385
   1.647212e-06    4.952106e-05     -0.03018206       -5.291236
   6.991438e-09    0.0003482546     -0.05334623        -89.3884
       461.5385        557.6923
