              0               0               0           -5000
    0.001987935     -0.07799883      0.02085674        126.3958
   0.0003513835    -0.001946037      -0.7292881        24.07232
       369.2954         384.046
              0               0               1           -5000
  -1.885794e-09    3.253604e-06      0.02631034        116.1126
   4.403509e-10    1.294777e-06     -0.00226241        14.01918
          -5000       -4711.538
              0               0               0       -4711.538
    0.001721431     -0.07256819      0.01548265        135.1536
    0.000328084    -0.002453087      -0.7375212        24.53915
       399.4734        415.4199
              0               0               1           -5000
  -3.043735e-11    2.510313e-08      0.03035562        126.3958
  -5.373093e-10    1.725872e-06     0.001165206        24.07232
          -5000       -4711.538
