              0               0               0       -3384.615
    -1.3573e-07   -0.0001956492       0.9885091        35.93574
    5.58738e-06    -0.001293618      -0.1510173         79.6327
       387.5712         409.103
              0               0               1       -3384.615
   1.448032e-08   -1.007853e-05     0.006772241        57.12799
   2.961718e-08   -1.679593e-05      0.01289352        75.83707
      -3384.615       -3115.385
              0               0               0       -3115.385
  -2.420539e-07   -0.0001728186       0.9900292        36.16492
   4.935217e-06    -0.001235176      -0.1408207        82.43595
       407.8049        430.4607
              0               0               1       -3384.615
   1.316655e-08   -9.380378e-06     0.002422369        35.93574
   2.544733e-08   -1.490631e-05      0.01258075         79.6327
      -3384.615       -3115.385
