              0               0               0       -597.4359
   1.940341e-05     0.003903218        -0.43227       -69.74208
  -7.793112e-06     0.001868741       0.9015213       -31.85425
        623.718        638.5419
              0               0               1       -597.4359
   -1.22733e-08   -0.0003404612       0.0462468       -75.22907
  -1.352888e-06   -4.884422e-06      0.03410541       -18.10493
      -597.4359       -484.6154
              0               0               0       -484.6154
   3.815371e-06     0.004377338      -0.3526658       -69.90528
   -1.37344e-05     0.001646359       0.9359103       -31.37427
       635.5755        651.3427
              0               0               1       -597.4359
  -6.706677e-08   -0.0001854851      0.02033358       -69.74208
  -1.412256e-06     0.000153769     0.004881927       -31.85425
      -597.4359       -484.6154
