              0               0               0       -4461.538
   1.179321e-06    7.167438e-06       0.9706695       -100.8923
  -4.584196e-06   -3.164131e-05       0.2404006        58.32974
       170.2337        187.2571
              0               0               1       -4461.538
   1.387699e-08   -8.899498e-06      -0.0250517       -84.36029
  -3.798695e-09    1.610006e-06     0.005663823        62.39038
      -4461.538       -4192.308
              0               0               0       -4192.308
   6.935971e-07    1.341249e-05       0.9690443        -109.074
  -2.591757e-06   -5.466484e-05        0.246866        59.51119
       181.4801        199.6281
              0               0               1       -4461.538
   1.583428e-08   -1.010048e-05     -0.02881786       -100.8923
    -3.4541e-09    1.178158e-06     0.004321444        58.32974
      -4461.538       -4192.308
