              0               0               0        865.3846
  -2.207846e-06    0.0001912312       0.9953069         4.65593
  -1.197509e-05    -0.002037019      0.09700569        76.04242
       141.0862        156.7624
              0               0               1        865.3846
   9.529804e-07   -0.0004576279       0.2588401        20.29709
    -2.2283e-06     0.001899451      -0.1886256        77.01639
       865.3846        942.3077
              0               0               0        942.3077
  -1.557168e-06   -2.663125e-05       0.9997854        19.46218
   7.219999e-06    -0.002074581    -0.007893318        73.54175
       166.4507        184.9452
              0               0               1        865.3846
   1.085245e-06   -0.0004661896       0.2219205         4.65593
  -2.412404e-06     0.001884804      -0.1632191        76.04242
       865.3846        942.3077
