              0               0               0           -1250
   1.856814e-06   -0.0001217916       -0.987532       -376.0541
   -1.20639e-05    0.0007812916      -0.1565002       -135.7534
       1436.125        1466.654
              0               0               1           -1250
   6.441839e-06     0.001110454       0.1834218       -406.2628
   7.661707e-06     0.002067528       0.1401264       -140.1463
          -1250       -1173.077
              0               0               0       -1173.077
   1.361891e-06   -8.504847e-05      -0.9929192       -354.1705
  -1.190284e-05    0.0007336718      -0.1177896       -110.5942
       1347.606        1376.251
              0               0               1           -1250
   6.056459e-06     0.001014435       0.1706169       -376.0541
   7.281337e-06     0.001950929       0.1339138       -135.7534
          -1250       -1173.077
