              0               0               0       -1274.359
   3.740035e-07   -0.0001398926       0.8376223       -278.0691
  -6.027331e-07    0.0002125732       0.5462714       -47.60732
       213.8433        244.3923
              0               0               1       -1274.359
   -1.47317e-06     0.001622735      0.04029427       -252.6004
  -3.229959e-06     0.002003518      -0.0358168       -30.73806
      -1274.359       -1161.538
              0               0               0       -1161.538
   3.611173e-07   -0.0001451742       0.8619758       -253.7079
  -6.840148e-07     0.000245553       0.5069501       -28.38694
        197.339        225.5303
              0               0               1       -1274.359
  -1.364759e-06     0.001654389      0.04665084       -278.0691
  -3.622715e-06     0.002241792       -0.036446       -47.60732
      -1274.359       -1161.538
