              0               0               0       -484.6154
   5.296531e-05    -0.006253436      0.02295908        123.9296
   1.264449e-05    -6.57159e-05      -0.9994808        13.54071
       351.7653        367.5325
              0               0               1       -484.6154
  -3.863153e-07   -3.533285e-05     0.007507149        122.9446
   4.765232e-06    -0.001052705     -0.01045219       -2.185107
      -484.6154       -369.2308
              0               0               0       -369.2308
   2.368887e-05    -0.005374486      -0.1263783         125.707
   1.541599e-05    0.0005942283      -0.9911472        4.364281
       366.9895        381.7496
              0               0               1       -484.6154
  -1.142507e-06    0.0001614276      0.01198881        123.9296
   5.075797e-06    -0.001171457     -0.01193812        13.54071
      -484.6154       -369.2308
