              0               0               0               0
    1.18719e-05     0.003321167       0.5900686       -68.37432
  -3.066066e-05     -0.00236228       0.8075362        90.99084
       68.17649        81.81179
              0               0               1               0
  -3.389346e-07    0.0001473242    -0.009826283       -59.68098
   8.069726e-07   -0.0002011737      0.00267583        101.4849
              0        123.0769
              0               0               0        123.0769
   2.822641e-06     0.003678046       0.5905957       -67.90343
  -2.581163e-05    -0.002632524       0.8072702        89.95568
       67.22877        80.67453
              0               0               1               0
  -3.515494e-07    0.0001490743     -0.00919638       -68.37432
   7.028067e-07   -0.0001668677     0.001480849        90.99084
              0        123.0769
