              0               0               0            1250
  -6.540479e-07    1.326285e-06      -0.9888578        467.2271
  -5.179046e-06    7.750057e-05       0.1466717        -138.878
      -719.4413       -689.4646
              0               0               1            1250
   3.019616e-06    -0.002173715       0.3951754         437.568
  -5.777535e-06     0.003919168      -0.4997833       -134.5511
           1250        1538.462
              0               0               0        1538.462
  -1.167507e-07   -5.208999e-06      -0.9984786        472.5021
  -4.233646e-06    3.309664e-05      0.05122523       -92.70868
       -704.971       -675.5972
              0               0               1            1250
   3.263639e-06    -0.002346804       0.4236815        467.2271
  -6.103359e-06     0.004138164      -0.5257868        -138.878
           1250        1538.462
