              0               0               0       -710.2564
   -4.62297e-05     0.003592756       0.6645385       -99.67825
   3.011521e-05    -0.003167335       0.7466366         64.3087
       40.07797        53.43729
              0               0               1       -710.2564
   3.291952e-06    -0.001785392       0.3644613       -90.26949
   1.592764e-06   -0.0008721377       0.2289997        73.78978
      -710.2564       -597.4359
              0               0               0       -597.4359
   1.869372e-07     0.004350475       0.3639224       -72.65815
  -1.622397e-05    -0.001693156        0.931017        78.95177
        39.2688         52.3584
              0               0               1       -710.2564
   3.022964e-06    -0.001875414       0.4126038       -99.67825
   1.004733e-06   -0.0005798421       0.1824202         64.3087
      -710.2564       -597.4359
