              0               0               0       -557.6923
   2.116219e-05     0.001550776      -0.9514489       -9.327087
   1.740179e-06     0.004843599       0.3088594       -87.96081
       580.8428        594.8371
              0               0               1       -557.6923
   6.134275e-06    -0.002174538       0.1427506       -22.28025
  -3.724268e-06     0.001680843      -0.1390688       -82.68519
      -557.6923       -461.5385
              0               0               0       -461.5385
   6.147394e-06     0.001822599      -0.9515504       -9.989117
  -2.890129e-05     0.005502673       0.3056654        -89.2395
       585.9566        600.2567
              0               0               1       -557.6923
   6.375253e-06    -0.002290073       0.1543714       -9.327087
  -2.758949e-06     0.001401933      -0.1225916       -87.96081
      -557.6923       -461.5385
