              0               0               0       -2115.385
   0.0005644744     -0.04157806        0.121564        212.7207
   0.0001935042    -0.007134105       -0.721765        48.60508
        671.094        697.8943
              0               0               1       -2115.385
  -4.368889e-08    6.280289e-06      0.02865662        196.9808
  -8.591412e-08     3.73281e-05      0.02893268        27.86228
      -2115.385       -1826.923
              0               0               0       -1826.923
   0.0005034614     -0.03923903       0.1600601        219.9463
   0.0002017499    -0.008724686      -0.7146602        59.67008
       700.8858        728.8805
              0               0               1       -2115.385
  -3.344681e-08    7.960065e-08      0.02780862        212.7207
  -9.926767e-08    4.064005e-05      0.03489566        48.60508
      -2115.385       -1826.923
