              0               0               0       -3923.077
  -4.249729e-07    1.955295e-05      -0.9811341       -118.1996
  -2.096984e-06    9.645287e-05       0.1933557       -10.63242
       770.6581        789.9181
              0               0               1       -3923.077
   4.544294e-08   -1.063282e-05     -0.03586759        -137.092
   3.462815e-07   -8.609559e-05     -0.03387025       -6.887603
      -3923.077       -3653.846
              0               0               0       -3653.846
  -5.821863e-07    5.470542e-05      -0.9854772       -126.4884
  -3.367803e-06    0.0003109988       0.1698445       -19.06561
       816.5822        837.0413
              0               0               1       -3923.077
   3.786661e-08     -8.5074e-06     -0.03124132       -118.1996
   3.306331e-07   -8.188636e-05     -0.03324297       -10.63242
      -3923.077       -3653.846
