              0               0               0        3269.231
  -2.003248e-06   -9.413582e-05       0.9985887        68.91179
   1.689946e-06    -0.001803993     -0.05256324        84.74703
       221.7603        243.9363
              0               0               1        3269.231
  -1.529474e-09    3.321595e-06     -0.01573836        90.98838
   4.025461e-09   -2.334022e-06    -0.007563099        82.71266
       3269.231        3557.692
              0               0               0        3557.692
  -2.355644e-06   -6.748301e-05       0.9992729        65.79178
  -1.196299e-06    -0.001786613     -0.03853536        82.03736
       209.6297        230.5926
              0               0               1        3269.231
  -1.516096e-09    3.344805e-06     -0.01165472        68.91179
   2.921136e-09   -2.657822e-06    -0.008869924        84.74703
       3269.231        3557.692
