              0               0               0       -1538.462
   7.886292e-06   -0.0006086751       0.9453971       -405.6112
  -2.409011e-05     0.001836189       0.3232895       -72.66501
       58.55436        87.83155
              0               0               1       -1538.462
   1.557666e-06   -0.0002343158      -0.0769986       -378.2565
   2.950368e-06   -0.0006572262      -0.2312547       -62.23065
      -1538.462           -1250
              0               0               0           -1250
   9.509746e-06   -0.0007674569       0.9020812       -409.7163
  -2.063592e-05     0.001648555       0.4296546       -126.8995
       61.15971        91.73956
              0               0               1       -1538.462
    1.62553e-06    -0.000241871     -0.07972096       -405.6112
   3.172783e-06   -0.0007060161      -0.2483618       -72.66501
      -1538.462           -1250
