              0               0               0        597.4359
  -6.890171e-05     0.005499108       -0.238735       -81.80427
  -2.074251e-05     0.001256161       0.9699536       -13.11231
      -55.92303       -41.94227
              0               0               1        597.4359
  -5.964616e-07    9.620935e-05      0.01640341       -84.25539
   8.374469e-06    -0.001258817     -0.07918847       0.6372286
       597.4359        710.2564
              0               0               0        710.2564
   4.140029e-05     0.002662044      -0.5674169       -74.96285
   1.888982e-05     0.001764745       0.8235003       -23.78037
      -54.00618       -40.50463
              0               0               1        597.4359
  -1.535982e-06    0.0004110338      0.03381753       -81.80427
   9.244523e-06    -0.001325565     -0.06267553       -13.11231
       597.4359        710.2564
