              0               0               0        865.3846
   1.969714e-07   -8.460701e-05       0.9702917        97.58805
    1.16088e-06   -0.0003398182      -0.2419512        65.65387
       235.1436        250.8199
              0               0               1        865.3846
   -5.88102e-07   -0.0003183579        0.454008        112.7785
  -3.010982e-06     0.001887317       -0.323524        61.78195
       865.3846        942.3077
              0               0               0        942.3077
   1.304669e-06    8.098108e-06       0.9578045        127.8256
    4.57617e-06    2.302548e-05      -0.2873874        51.97081
       277.4178        295.9123
              0               0               1        865.3846
    -1.9522e-07   -0.0003477003       0.4209897        97.58805
  -2.760805e-06     0.001941606       -0.310898        65.65387
       865.3846        942.3077
