              0               0               0       -710.2564
   1.394137e-06     0.001127896       -0.931478       -37.18713
  -8.757241e-06     0.002834148       0.3640883       -50.08152
       548.3213        561.7175
              0               0               1       -710.2564
   6.017825e-06    -0.001995023       0.2097308       -49.45958
  -3.154386e-06     0.001693388      -0.3445502       -44.71659
      -710.2564       -597.4359
              0               0               0       -597.4359
   2.859533e-06     0.002751751      -0.8574524       -30.45265
  -2.109097e-05     0.004445872       0.5146943       -75.10252
       564.4224        579.2463
              0               0               1       -710.2564
    5.63723e-06    -0.001859529       0.1977316       -37.18713
  -2.376976e-06     0.001559041      -0.3674136       -50.08152
      -710.2564       -597.4359
