              0               0               0        153.8462
  -4.275704e-06    -0.003777662      -0.3960445        119.0263
   1.384467e-05     0.001666724      -0.9183581       -11.65815
      -294.9852       -281.5768
              0               0               1        153.8462
  -5.160701e-08    9.725502e-05    -0.006887647        113.0265
   9.505485e-07   -0.0001830794   -3.070647e-05       -23.63885
       153.8462        307.6923
              0               0               0        307.6923
   1.436365e-05    -0.004255305      -0.3821446        120.0175
   9.290881e-06     0.001730642      -0.9242634       -12.30945
      -298.6852       -285.1086
              0               0               1        153.8462
   -2.96957e-07    0.0001149516    -0.004213726        119.0263
    1.19667e-06   -0.0001865368    -0.003859016       -11.65815
       153.8462        307.6923
