              0               0               0        710.2564
  -6.961955e-06     0.001080115       0.9595967       -11.83183
    -1.0979e-05    -0.003815048       0.2821051         123.823
       134.8806        148.3687
              0               0               1        710.2564
  -7.319924e-06     0.002481211     0.008876489        1.290688
   6.324113e-06     -0.00109626      -0.2939218        126.9071
       710.2564        823.0769
              0               0               0        823.0769
  -4.818008e-06    0.0002776636       0.9947939        9.070401
  -8.287855e-06     -0.00278367       0.1024209        88.00303
       143.2386        157.5625
              0               0               1        710.2564
  -7.240738e-06     0.002325067      0.01511797       -11.83183
    5.46186e-06   -0.0008275241       -0.293655         123.823
       710.2564        823.0769
