              0               0               0        865.3846
    0.001594367    -0.007345154      -0.9215648       -113.5864
  -0.0002892262      0.01173864       0.6230057        12.82061
      -15.67384               0
              0               0               1        865.3846
   3.492975e-07    0.0001602348      -0.2153282       -123.6961
  -1.014266e-06    0.0008322065      0.05433088        24.35563
       865.3846        942.3077
              0               0               0        942.3077
    0.001286369    -0.007644248      -0.9641433       -126.8417
  -0.0003278344      0.01220998        0.601488        19.79617
      -18.45917               0
              0               0               1        865.3846
   4.901978e-07   -7.578687e-05      -0.1693896       -113.5864
  -3.596704e-07    0.0005530443      0.05026874        12.82061
       865.3846        942.3077
