              0               0               0        3653.846
   4.224342e-07    9.609835e-05       0.9705263        225.1733
   2.754972e-06    0.0003799667      -0.2410503         46.0987
       369.9061        390.4565
              0               0               1        3653.846
   6.777976e-09   -3.734552e-06     -0.04592025        245.1622
   4.908276e-09   -5.410628e-06     0.003893583        41.32941
       3653.846        3923.077
              0               0               0        3923.077
   3.563347e-07    0.0001000778       0.9725613         213.723
   2.694363e-06    0.0004109093      -0.2327117        46.42805
       349.7458        369.1761
              0               0               1        3653.846
   7.863474e-09   -4.492795e-06     -0.04188988        225.1733
   7.014135e-09   -6.679448e-06     0.002513163         46.0987
       3653.846        3923.077
