              0               0               0       -2307.692
  -5.744829e-08   -7.889145e-07      -0.9937607       -160.8799
  -6.215641e-07   -6.562241e-07       0.1114391       -37.30614
       1040.805        1066.802
              0               0               1       -2307.692
   1.012944e-08     4.70686e-06      -0.0258313        -186.716
   1.127742e-08   -2.060697e-05     -0.03460568       -34.42044
      -2307.692       -2038.462
              0               0               0       -2038.462
  -3.324384e-08   -5.901792e-07      -0.9972136       -166.0814
   -6.65792e-07    5.754481e-06      0.07438796       -47.01968
       1086.012        1113.137
              0               0               1       -2307.692
   6.149327e-09    5.414528e-06     -0.02122332       -160.8799
   1.026948e-08   -1.800109e-05     -0.03197683       -37.30614
      -2307.692       -2038.462
