              0               0               0       -2846.154
   6.000707e-07    8.700462e-06       0.9560701        -150.651
  -1.885889e-06   -2.979088e-05       0.2931222        61.37442
       237.8246        261.6071
              0               0               1       -2846.154
   4.873622e-09   -3.386062e-06     -0.02852937       -127.9004
  -2.872515e-09   -6.945334e-06     -0.00238644        68.30337
      -2846.154       -2576.923
              0               0               0       -2576.923
   6.883075e-07    5.147361e-06       0.9499607       -159.4049
  -2.098638e-06   -1.578129e-05       0.3123671        59.36388
       249.0564         273.962
              0               0               1       -2846.154
    4.82388e-09   -2.875039e-06     -0.03208982        -150.651
  -2.911673e-09   -8.205007e-06    -0.005047617        61.37442
      -2846.154       -2576.923
