              0               0               0        1019.231
   1.329513e-07     1.10359e-06       -0.996618        188.9169
  -1.631432e-06   -1.223614e-05     -0.08213702       -21.64373
      -360.6203       -339.4073
              0               0               1        1019.231
  -1.186346e-06    9.620157e-05       0.2898344        167.7774
  -4.436977e-06    0.0004605861        -0.28044       -23.40718
       1019.231        1096.154
              0               0               0        1096.154
  -1.007823e-08    1.006859e-06       -0.999941        214.0621
   8.068368e-07   -9.123259e-05     -0.01056641       -43.97921
      -407.3602       -383.3978
              0               0               1        1019.231
  -1.182405e-06    9.514317e-05       0.3265663        188.9169
  -4.370572e-06    0.0004064463      -0.2957649       -21.64373
       1019.231        1096.154
