              0               0               0       -711.5385
   9.164135e-06    0.0005455279      -0.9798398       -11.78304
   1.647981e-05     0.002596706       0.2006674       -57.11086
       521.5944        534.9926
              0               0               1       -711.5385
   1.606066e-05    -0.001772392       0.1838085       -24.79115
  -1.921638e-06       0.0011297      -0.3826888        -53.9165
      -711.5385       -634.6154
              0               0               0       -634.6154
   7.603373e-06    0.0009589845      -0.9819073      -0.5462458
  -1.093069e-06     0.004376419       0.1888147       -80.95938
       535.5987        549.3307
              0               0               1       -711.5385
   1.566174e-05    -0.001654512       0.1806754       -11.78304
   5.914072e-07      0.00096488      -0.3877518       -57.11086
      -711.5385       -634.6154
