              0               0               0        1769.231
   1.038838e-06    2.171852e-05      -0.9995559        151.5917
   2.829869e-06    0.0009702531      0.02863371       -62.15986
      -369.0894       -340.6979
              0               0               1        1769.231
   -1.27886e-08   -6.823063e-06     0.004390335        123.2541
    4.82359e-08   -4.347018e-05      0.04136107       -60.50005
       1769.231        2038.462
              0               0               0        2038.462
   9.888647e-07   -3.330558e-05      -0.9996438        150.9694
   2.354482e-06      0.00105075     -0.02528456       -51.71408
      -354.6724       -327.3899
              0               0               1        1769.231
  -1.728202e-08   -4.611146e-06    0.0001829442        151.5917
   5.668185e-08   -5.247982e-05      0.04881921       -62.15986
       1769.231        2038.462
