              0               0               0        3115.385
  -3.526142e-06    0.0002123039       0.9824817        314.5427
  -2.217411e-05     0.001186745      -0.1849863        27.81337
       479.1938        502.0125
              0               0               1        3115.385
   3.994693e-09   -1.556175e-06     -0.05812455        337.0304
   5.510357e-10   -9.737224e-06      0.01605324        23.94668
       3115.385        3384.615
              0               0               0        3384.615
  -3.705575e-06    0.0002092706       0.9846328        299.9186
  -2.549837e-05     0.001261638      -0.1731211        30.99697
       455.7177        477.4185
              0               0               1        3115.385
   5.100117e-09   -1.702835e-06     -0.05422949        314.5427
    1.68144e-09   -9.280442e-06      0.01420151        27.81337
       3115.385        3384.615
