              0               0               0        4711.538
   3.591019e-06   -0.0001937491      -0.9727493        292.2952
   -1.54483e-05    0.0008145084      -0.2305761        33.78598
      -402.7155       -386.6069
              0               0               1        4711.538
   2.993624e-09   -8.899272e-08     -0.06694522        276.5902
  -1.333788e-08   -2.581233e-06     0.006545949         30.2185
       4711.538            5000
              0               0               0            5000
    3.14725e-06   -0.0001572111      -0.9717713        271.8592
  -1.289365e-05    0.0006201821      -0.2342901        34.97042
       -372.802       -357.8899
              0               0               1        4711.538
   5.523623e-11   -1.604303e-08     -0.07084453        292.2952
  -7.396134e-10   -2.614094e-06     0.004921661        33.78598
       4711.538            5000
