              0               0               0       -4423.077
   -0.001494346       0.0100472        1.002842        131.2942
   0.0001228837     -0.00939647      -0.5224041        36.34557
       412.4691        429.6553
              0               0               1       -4423.077
  -5.330819e-12   -2.757691e-08      0.03035419        143.9112
    5.89453e-11    7.959138e-07     0.002620082        25.21582
      -4423.077       -4134.615
              0               0               0       -4134.615
   -0.001281575     0.008988175        1.004069        139.1307
   0.0001052004    -0.008941157      -0.5134838        37.85447
       441.4483        459.8419
              0               0               1       -4423.077
  -4.926061e-09    1.072486e-06      0.02726709        131.2942
  -6.263918e-09    2.235989e-06     0.005107077        36.34557
      -4423.077       -4134.615
