              0               0               0       -3115.385
  -2.420539e-07   -0.0001728186       0.9900292        36.16492
   4.935217e-06    -0.001235176      -0.1408207        82.43595
       407.8049        430.4607
              0               0               1       -3115.385
  -8.244301e-09    1.617112e-06     0.004494167        58.50333
  -7.857736e-09    7.125643e-06      0.01028999        78.66894
      -3115.385       -2846.154
              0               0               0       -2846.154
  -1.950536e-07   -0.0001475765       0.9919051        36.16577
   4.618167e-06    -0.001166042      -0.1268328        85.41627
       428.0843        451.8668
              0               0               1       -3115.385
  -7.850233e-09    1.254142e-06    0.0002345363        36.16492
  -7.430803e-09    5.647308e-06      0.01008794        82.43595
      -3115.385       -2846.154
