              0               0               0       -1826.923
  -1.458367e-06    0.0003823586       0.9632092        -80.2388
   2.521008e-07    -0.001362157       0.2686387        83.73261
       392.4961        420.5315
              0               0               1       -1826.923
  -2.601403e-07    3.583282e-05     -0.01621025       -52.96642
  -7.523661e-08   -1.169781e-06    -0.003810455        90.19893
      -1826.923       -1538.462
              0               0               0       -1538.462
  -1.683658e-06    0.0004835433       0.9400388       -88.79883
   1.113678e-06     -0.00132379       0.3407957        78.32573
       409.8805        439.1577
              0               0               1       -1826.923
  -2.778266e-07    4.072836e-05     -0.01830537        -80.2388
  -1.381036e-07    5.243918e-06    -0.008764901        83.73261
      -1826.923       -1538.462
