              0               0               0        2576.923
   2.202248e-06   -0.0002183978       0.9572193        151.6409
     7.4484e-06   -0.0007145841      -0.2892668        74.41451
       325.9448        351.0175
              0               0               1        2576.923
   4.117514e-09    3.942302e-07      -0.0295852        175.5384
    2.50191e-09   -9.797379e-06     0.007607804        66.83001
       2576.923        2846.154
              0               0               0        2846.154
   1.928538e-06   -0.0001938855       0.9628245          144.71
   6.650468e-06   -0.0006598186      -0.2703875        74.97894
       311.3107        335.2577
              0               0               1        2576.923
   3.851231e-09    1.040721e-06     -0.02630264        151.6409
   1.875465e-09   -8.283499e-06     0.004190652        74.41451
       2576.923        2846.154
