              0               0               0       -4134.615
   4.538642e-07   -0.0001237913       0.9786053       -182.3059
  -3.341793e-06    0.0006055887       0.2054966        42.51997
       110.3621        128.7557
              0               0               1       -4134.615
   3.484085e-09   -1.506574e-06     -0.04246859       -164.3448
  -6.631453e-09    1.297229e-06    9.347962e-05         46.4839
      -4134.615       -3846.154
              0               0               0       -3846.154
   4.415194e-07   -0.0001265346       0.9764262       -195.7211
  -3.076466e-06    0.0005875552        0.215661        42.03223
       117.5463        137.1373
              0               0               1       -4134.615
   2.734774e-09   -1.184152e-06     -0.04639188       -182.3059
  -4.794728e-09    5.235937e-07    -0.001442895        42.51997
      -4134.615       -3846.154
