              0               0               0        4192.308
  -2.981294e-06    0.0001138462       0.9986405        40.74259
   2.553082e-07    -0.002055689      0.05047605            75.6
       164.8065        183.1183
              0               0               1        4192.308
   4.953409e-09    1.744621e-07      -0.0106819         59.0494
   5.447454e-09   -1.401516e-06     -0.01010977        75.83656
       4192.308        4461.538
              0               0               0        4461.538
  -2.465378e-06    0.0001012471       0.9985889        39.10241
  -6.946331e-06    -0.001890382      0.05467946        72.77332
       154.6854        171.8726
              0               0               1        4192.308
   2.884849e-09    5.873833e-07    -0.006459346        40.74259
   7.366795e-09   -2.384567e-06      -0.0103911            75.6
       4192.308        4461.538
