              0               0               0       -2980.769
   6.277935e-07   -3.716395e-05       0.9590305       -168.5965
  -2.116721e-06     0.000125069       0.2833084        55.25321
       208.9978        232.2198
              0               0               1       -2980.769
   3.262198e-10   -1.748727e-06     -0.03170041       -146.3381
  -4.747446e-09    -7.42098e-06    -0.002522419        61.87313
      -2980.769       -2692.308
              0               0               0       -2692.308
   6.768779e-07   -3.965523e-05       0.9536117       -178.8985
  -2.144456e-06    0.0001250338       0.3010471        53.01757
       219.8268         244.252
              0               0               1       -2980.769
   4.144858e-10   -1.396178e-06     -0.03534532       -168.5965
  -6.192789e-09   -7.929539e-06    -0.004947541        55.25321
      -2980.769       -2692.308
