              0               0               0               0
   1.474726e-05     0.003941768      -0.3738868       -81.61323
  -9.373385e-06     0.001619115       0.9268225       -12.49902
       640.8871        654.5236
              0               0               1               0
  -4.277481e-07     0.000137634    -0.007555496       -85.94137
  -4.418632e-07    4.848453e-05     0.006640942       0.4169767
              0        153.8462
              0               0               0        153.8462
   3.554293e-06     0.004220343      -0.3906475       -80.93307
  -1.443269e-05     0.001802489       0.9207073       -11.65725
      -40.22526       -26.81684
              0               0               1               0
  -4.463148e-07    0.0001585838    -0.009412855       -81.61323
   -5.09582e-07    7.939596e-05     0.005317889       -12.49902
              0        153.8462
