              0               0               0       -1826.923
  -2.977394e-07    0.0004074003        0.941068       -106.9357
  -2.948044e-06    -0.001114208       0.3380646        75.19553
       364.4606        392.4961
              0               0               1       -1826.923
  -2.778266e-07    4.072836e-05     -0.01830537        -80.2388
  -1.381036e-07    5.243918e-06    -0.008764901        83.73261
      -1826.923       -1538.462
              0               0               0       -1538.462
   5.532759e-07    0.0004349482        0.913148       -115.9199
  -4.161547e-06   -0.0009582751       0.4076082        67.31794
       380.6034        409.8805
              0               0               1       -1826.923
   -2.91821e-07     4.55039e-05     -0.01998902       -106.9357
  -1.994861e-07    1.100132e-05     -0.01388322        75.19553
      -1826.923       -1538.462
