              0               0               0       -4192.308
   1.026577e-06   -0.0001504337      -0.9900738        51.80181
  -1.096917e-06    0.0009843264      -0.1395327       -11.39805
        562.423        580.5435
              0               0               1       -4192.308
   7.461517e-09    -1.83158e-06     0.004264211        33.81792
  -2.373567e-08    1.145901e-06    -0.009034539       -13.60977
      -4192.308       -3923.077
              0               0               0       -3923.077
   9.710896e-07    -0.000148195      -0.9885494        54.06627
  -1.431599e-06    0.0008973851      -0.1499435       -13.85704
       597.3186        616.5786
              0               0               1       -4192.308
   8.929655e-09   -2.343632e-06     0.008394548        51.80181
  -1.807489e-08    1.049599e-06     -0.00810582       -11.39805
      -4192.308       -3923.077
