              0               0               0           -1500
   1.139471e-06   -0.0001837378      -0.9877483       -82.04411
  -2.344003e-06     0.001162969      -0.1556931       -70.35673
       1088.204        1117.581
              0               0               1           -1500
   1.171231e-06   -8.144413e-05    -0.003994537       -111.1914
   -1.68441e-06    5.854688e-05     -0.04418146       -73.98635
          -1500       -1387.179
              0               0               0       -1387.179
   1.306351e-06   -0.0002214515      -0.9821503       -81.84469
  -3.230022e-06     0.001159147      -0.1875129       -76.03627
       1103.737        1133.256
              0               0               1           -1500
   1.493916e-06   -0.0001094451    -0.004900042       -82.04411
  -1.238281e-06    3.580973e-05     -0.03862003       -70.35673
          -1500       -1387.179
