              0               0               0       -2307.692
   1.626757e-06    0.0002121821       0.9496763       -119.1752
  -7.433976e-06    -0.000624812       0.3133462         72.9123
       312.4097        338.4438
              0               0               1       -2307.692
   3.335805e-08   -1.002137e-05     -0.02528289       -94.27872
   5.046319e-09   -1.137269e-05    -0.005128133        80.51534
      -2307.692       -2038.462
              0               0               0       -2038.462
   1.669931e-06    0.0002288108       0.9374114       -126.8287
  -6.526585e-06   -0.0006008021       0.3483045        69.52113
       325.9872        353.1528
              0               0               1       -2307.692
   3.375833e-08   -9.171677e-06     -0.02840495       -119.1752
   6.866824e-09   -1.397384e-05    -0.009331321         72.9123
      -2307.692       -2038.462
