              0               0               0       -1826.923
   1.080844e-06   -8.998827e-05      -0.9974754       -84.93015
  -4.207146e-06     0.001295276     -0.06934393       -57.04772
       1036.822        1064.817
              0               0               1       -1826.923
  -2.492482e-08    2.236622e-05    -0.000281688        -112.901
  -3.579303e-07    4.082196e-05     -0.03001363       -58.06617
      -1826.923       -1538.462
              0               0               0       -1538.462
   1.117652e-06   -0.0001708145      -0.9895102       -82.67202
  -2.262816e-06     0.001168793      -0.1441936       -68.64534
       1082.761        1111.997
              0               0               1       -1826.923
   4.562239e-09    1.630944e-05       0.0027439       -84.93015
  -3.009655e-07    3.620999e-05     -0.02560694       -57.04772
      -1826.923       -1538.462
