              0               0               0        2115.385
  -3.250642e-07    0.0001284777       0.9453229        315.8106
   -1.10901e-06    0.0003796814      -0.3259928        12.49891
       513.1989        540.2093
              0               0               1        2115.385
  -3.967718e-08    2.366729e-05     -0.05128664        341.4315
   9.360024e-08    -8.92367e-05      0.06161522        3.948844
       2115.385        2403.846
              0               0               0        2403.846
  -2.054605e-07     0.000116464       0.9569026        302.8977
  -8.368707e-07    0.0003916901      -0.2902719        23.78488
        490.093        515.8874
              0               0               1        2115.385
   -3.94585e-08    2.414971e-05     -0.04844783        315.8106
   8.588185e-08   -8.213232e-05      0.05567048        12.49891
       2115.385        2403.846
