              0               0               0       -3846.154
   1.154898e-06   -5.203651e-06       -1.000008       -42.80326
   9.236682e-06    0.0009849481    -0.003567014       -23.65524
        705.865        725.5094
              0               0               1       -3846.154
  -7.961412e-09    5.382317e-06     -0.01631459        -62.4411
  -1.286987e-07    8.238685e-05     -0.01637797        -23.2752
      -3846.154       -3557.692
              0               0               0       -3557.692
    1.19473e-06    6.441052e-06      -0.9999646       -46.10472
   6.476313e-06     0.001068347     0.007585676       -24.91161
       748.7924        769.5924
              0               0               1       -3846.154
  -4.947337e-09    3.377987e-06     -0.01200781       -42.80326
  -1.115004e-07     6.95695e-05     -0.01514559       -23.65524
      -3846.154       -3557.692
