              0               0               0       -1274.359
   9.497545e-05    -0.001883165       0.9658825        169.5473
  -3.480288e-05     5.74033e-05     -0.04434346        114.7762
        702.628         733.177
              0               0               1       -1274.359
  -1.616928e-06    0.0001858969     -0.05553752        200.0044
   3.914171e-06    -0.001730495      0.02399282        112.4829
      -1274.359       -1161.538
              0               0               0       -1161.538
   0.0001103915    -0.002050025         0.96252        165.8041
  -4.760087e-05    0.0001984242     -0.08914577        102.2061
       648.3996        676.5909
              0               0               1       -1274.359
  -1.781648e-06    0.0003612789     -0.05126071        169.5473
   3.443837e-06    -0.001529173      0.01727006        114.7762
      -1274.359       -1161.538
