              0               0               0        1826.923
  -3.445719e-09    1.572454e-06      -0.9998797        320.5126
   2.811842e-07   -8.885085e-05     -0.01567627        -56.1836
      -534.9157       -506.7623
              0               0               1        1826.923
   1.179194e-07   -9.508546e-05    -0.008611886        292.3637
  -2.461069e-07    0.0001358882      0.04189856       -56.68909
       1826.923        2115.385
              0               0               0        2115.385
  -5.125996e-09    5.810075e-06      -0.9976526         311.694
   8.955324e-08   -8.182322e-05     -0.06851944       -37.29772
      -512.3082       -485.3446
              0               0               1        1826.923
    1.33229e-07   -0.0001058374     -0.01112708        320.5126
  -2.646354e-07    0.0001451604      0.04561818        -56.1836
       1826.923        2115.385
