              0               0               0       -1387.179
  -8.844419e-07    2.885444e-05       0.9998337        85.59767
    1.69853e-06   -0.0007814216      0.02414645        107.3064
       599.6008        629.5808
              0               0               1       -1387.179
   4.387835e-06   -0.0008023927     -0.02821831        115.5748
  -4.843713e-06    0.0005204446      0.07283878        107.3738
      -1387.179       -1274.359
              0               0               0       -1274.359
  -2.129626e-06    9.768821e-05       0.9967689        77.99827
   3.124276e-07   -0.0007241009      0.08720062        113.2632
       610.9808        641.5299
              0               0               1       -1387.179
   4.916705e-06   -0.0008362216     -0.03559741        85.59767
  -3.852695e-06    0.0004022323      0.05645722        107.3064
      -1387.179       -1274.359
