              0               0               0        3653.846
  -4.083066e-06    0.0002529279       0.9944127        326.1072
   -2.25879e-05     0.002647147     -0.09901424         27.2609
       472.6578        493.2082
              0               0               1        3653.846
   3.051513e-09   -1.006991e-06     -0.06650053        346.6141
  -6.599018e-10   -2.442693e-06     0.009502251        26.14802
       3653.846        3923.077
              0               0               0        3923.077
   -4.55212e-06    0.0002526588        0.995134        309.2989
  -3.024322e-05     0.002932752     -0.09063512        29.39208
       446.8974        466.3277
              0               0               1        3653.846
   3.835257e-09    -1.54197e-06     -0.06229367        326.1072
   1.687825e-09    -3.48649e-06     0.008732154         27.2609
       3653.846        3923.077
