              0               0               0        3923.077
   7.298255e-07      -4.798e-05      -0.9794448         253.624
  -3.347938e-06    0.0002255558      -0.2016156        5.664948
      -389.0537       -369.6011
              0               0               1        3923.077
   9.000614e-09   -2.278832e-06     -0.04821256        234.5583
  -7.928748e-08    1.473883e-05      0.02699664        1.803691
       3923.077        4192.308
              0               0               0        4192.308
   4.960355e-07   -5.432612e-06      -0.9814159        239.5355
  -2.388062e-06    2.185294e-05      -0.1918323        12.10859
      -365.7613       -347.4732
              0               0               1        3923.077
   7.853156e-09   -1.987552e-06     -0.05236274         253.624
  -7.368059e-08    1.318392e-05      0.02572476        5.664948
       3923.077        4192.308
