              0               0               0        711.5385
   -1.09682e-05    -0.000231368       0.9981654        28.27349
  -2.379692e-05    -0.003370523     -0.06245599        127.9438
       175.2456        188.7261
              0               0               1        711.5385
   8.487586e-06   -1.733212e-05       0.1211337        41.66028
   3.152916e-06    -0.001142759      -0.2910469        126.4311
       711.5385        788.4615
              0               0               0        788.4615
   8.064256e-07   -0.0003569257       0.9948306        41.24812
   3.517983e-05    -0.003252801      -0.1008283        100.6048
       177.1315         190.757
              0               0               1        711.5385
   7.081039e-06    7.139934e-05       0.1212783        28.27349
   3.817455e-06     -0.00116749      -0.2881885        127.9438
       711.5385        788.4615
