              0               0               0        2692.308
  -1.216709e-07    8.434783e-06      -0.9896203        215.8702
   9.340775e-07   -5.949795e-05       -0.143726       -24.35223
      -392.7788       -368.2301
              0               0               1        2692.308
   4.104958e-09   -4.461284e-06     -0.02505223        191.5796
   4.412497e-09    -1.25748e-05       0.0237478       -27.90255
       2692.308        2980.769
              0               0               0        2980.769
  -1.193505e-07    9.476504e-06      -0.9866352        207.1136
    7.84696e-07   -5.821455e-05      -0.1629557       -18.16606
       -373.584        -350.235
              0               0               1        2692.308
    3.72057e-09   -4.053922e-06     -0.02949635        215.8702
   5.382171e-09   -1.437179e-05      0.02514324       -24.35223
       2692.308        2980.769
