              0               0               0       -788.4615
  -2.325369e-05    0.0006473652       0.9324276       -138.8346
   5.946597e-05    -0.001658874       0.3610249        48.27862
       43.30786        57.74381
              0               0               1       -788.4615
   7.710693e-07    -0.001832226       0.5873443       -125.3092
  -3.927385e-06   -6.003476e-05       0.2906121        53.32355
      -788.4615       -711.5385
              0               0               0       -711.5385
   -5.66532e-05      0.00356861       0.6748677       -100.1381
    4.52582e-05    -0.003300858       0.7377288        64.16014
       40.08235        53.44314
              0               0               1       -788.4615
   2.742703e-07    -0.001763932       0.6371185       -138.8346
  -2.634043e-06   -0.0002065594        0.237935        48.27862
      -788.4615       -711.5385
