              0               0               0       -1019.231
   3.549677e-08   -2.801164e-06      -0.9987738       -117.9016
   3.393347e-07   -3.348093e-05      0.04902987       -35.26865
       905.5984        928.2134
              0               0               1       -1019.231
  -4.765327e-07    0.0002736648       0.2761698       -140.4899
   -6.81649e-06    0.0008244666       0.2561721       -34.17304
      -1019.231       -942.3077
              0               0               0       -942.3077
  -3.955064e-07    2.445954e-06      -0.9924777       -98.14843
  -3.133254e-06    1.522002e-05       0.1224299       -15.10243
       794.6546        814.4969
              0               0               1       -1019.231
  -1.908087e-07    0.0002220965        0.240836       -117.9016
  -6.456515e-06    0.0007941248       0.2392785       -35.26865
      -1019.231       -942.3077
