              0               0               0       -1161.538
   1.177617e-06   -0.0001263259      -0.9899125       -96.63698
  -7.888137e-06    0.0009428004      -0.1419588       -74.75475
        1070.62        1098.762
              0               0               1       -1161.538
   -2.55293e-06    0.0006868601       0.1581627       -124.5683
  -3.954821e-06    0.0008161113       0.2704228       -78.17882
      -1161.538       -1048.718
              0               0               0       -1048.718
   4.292915e-07   -2.002445e-05       -0.999722       -77.98437
  -1.341922e-05     0.001235836     -0.02078585       -42.98334
       900.1594        923.8237
              0               0               1       -1161.538
  -2.166824e-06    0.0005938956       0.1259067       -96.63698
  -3.492301e-06    0.0007450203       0.2420082       -74.75475
      -1161.538       -1048.718
