              0               0               0        557.6923
   9.341638e-06     0.003515436       0.5770852        -66.0241
  -2.569424e-05     -0.00247278        0.817031        105.2671
       63.54455        76.25346
              0               0               1        557.6923
   3.875149e-06   -0.0003647582     -0.02385873         -58.103
   3.103744e-06   -0.0008354101     -0.04733016        115.1985
       557.6923        634.6154
              0               0               0        634.6154
  -4.644297e-05     0.004756971        0.557835       -68.35986
   1.430441e-05     -0.00317371       0.8291998        97.66857
        65.5569        78.66828
              0               0               1        557.6923
   3.369295e-06   -0.0003813698      -0.0209653        -66.0241
   3.880833e-06   -0.0009169364     -0.05121029        105.2671
       557.6923        634.6154
