              0               0               0       -788.4615
  -1.910783e-06    0.0003147065        0.989211        -14.6109
  -2.270918e-05    -0.001981139       0.1466315        85.42901
       173.2314        187.6674
              0               0               1       -788.4615
   8.972751e-07    -0.000768048       0.3046224      -0.2708604
  -6.465066e-06    0.0007682317       0.3487366         87.0646
      -788.4615       -711.5385
              0               0               0       -711.5385
  -9.243725e-06    0.0002690753       0.9974215        5.673056
   1.321732e-05    -0.003858825      0.06810462        115.2409
       160.3294        173.6902
              0               0               1       -788.4615
   9.294481e-07   -0.0009163865        0.328683        -14.6109
  -6.179718e-06    0.0006814474       0.3717025        85.42901
      -788.4615       -711.5385
