              0               0               0        634.6154
    2.39564e-05    -0.002895126      -0.8583503        68.89339
  -1.971533e-07      0.00472584       -0.511938       -75.39623
      -237.0969       -222.2783
              0               0               1        634.6154
   9.512119e-06   -0.0003632801     -0.01467763        55.61609
   4.481144e-06    0.0006926527       0.1070967       -81.94531
       634.6154        711.5385
              0               0               0        711.5385
   2.047958e-05    -0.001786454      -0.9177389        69.32662
  -2.779944e-05      0.00416928      -0.3963545       -62.91117
      -215.9147         -202.42
              0               0               1        634.6154
   9.874511e-06   -0.0003663891     -0.02461318        68.89339
   6.087484e-06    0.0005322757      0.08534097       -75.39623
       634.6154        711.5385
