              0               0               0       -942.3077
   -8.92395e-07    0.0004292934       0.9664269       -45.76071
  -7.376873e-06    -0.001562939       0.2571165        69.39203
       258.4502         278.331
              0               0               1       -942.3077
   4.711779e-06   -0.0003175671       0.2325679       -26.38472
   1.215421e-05   -0.0003898292     -0.08268996          73.828
      -942.3077       -865.3846
              0               0               0       -865.3846
  -3.682991e-06    0.0004093339       0.9827221       -25.13741
   4.258884e-06    -0.002162243       0.1844727        68.14895
       222.3295        239.4318
              0               0               1       -942.3077
   4.878268e-06   -0.0003167277        0.263601       -45.76071
   1.264439e-05   -0.0004439015      -0.0568326        69.39203
      -942.3077       -865.3846
