              0               0               0       -711.5385
   1.047127e-05    -0.001416112      -0.9278842        67.12151
   4.485326e-06     0.003434485      -0.3730967       -49.93708
       441.2052        454.6034
              0               0               1       -711.5385
   9.565653e-06   -0.0008817626       0.1663484        54.46051
   8.335611e-06    0.0005258239      -0.3220204       -54.30858
      -711.5385       -634.6154
              0               0               0       -634.6154
   6.910628e-06    -0.002431098      -0.8381398        78.34286
   2.062568e-05     0.003670327      -0.5458267       -65.42413
       453.2066        466.9386
              0               0               1       -711.5385
   8.036833e-06   -0.0007371404       0.1550254        67.12151
   9.034177e-06    0.0004781494       -0.291569       -49.93708
      -711.5385       -634.6154
