              0               0               0        1096.154
   1.051788e-06    3.387415e-05       0.9048095        202.8964
   2.287798e-06     7.18403e-05      -0.4258105        29.68178
       384.0228        408.0242
              0               0               1        1096.154
    1.62729e-06   -3.845436e-05       0.3966961        224.6472
  -4.678469e-06   -0.0002109511      -0.2395882        19.53474
       1096.154        1173.077
              0               0               0        1173.077
  -3.772929e-08    7.861102e-05        0.868747        232.2123
  -4.840739e-08    0.0001387679      -0.4952429        10.97079
       431.0908         458.034
              0               0               1        1096.154
   1.667413e-06   -2.300369e-05       0.3730095        202.8964
  -4.287006e-06   -0.0001731638      -0.2045557        29.68178
       1096.154        1173.077
