              0               0               0        1173.077
  -1.118794e-06     0.000234551       -0.973152         77.7545
  -5.269324e-06    0.0009463838       0.2303039       -55.85807
      -295.9442       -269.0402
              0               0               1        1173.077
    4.33879e-07   -0.0001345895      0.05106975        51.72078
   6.129872e-06   -0.0004079294      -0.1949868       -49.07957
       1173.077            1250
              0               0               0            1250
  -7.618972e-07    0.0002693559      -0.9516013        83.35469
  -3.169691e-06    0.0008204612       0.3074228       -73.56964
      -329.7439       -299.7672
              0               0               1        1173.077
   -1.81672e-07   -0.0001221453      0.08327332         77.7545
   7.666256e-06   -0.0005186553      -0.2357163       -55.85807
       1173.077            1250
