              0               0               0        369.2308
    3.96063e-05    -0.005628323      -0.1353263        126.0654
   8.001215e-06      0.00077111      -0.9900337        6.824574
      -328.6062       -314.3189
              0               0               1        369.2308
   1.482129e-07   -0.0005297364      0.00518123        123.0986
  -1.003564e-05    0.0005808159      0.08802534       -7.139524
       369.2308        484.6154
              0               0               0        484.6154
     9.2871e-05    -0.008222386      0.05439685        117.6598
    2.12827e-05   -0.0002949373      -0.9982898        10.81341
      -356.8457       -341.3306
              0               0               1        369.2308
   1.878625e-06   -0.0006676667     -0.02082093        126.0654
  -1.106729e-05    0.0006496119       0.1069603        6.824574
       369.2308        484.6154
