              0               0               0        3923.077
   2.060364e-06   -0.0002105096      -0.9922438        119.8283
  -3.451864e-07     0.001626353      -0.1236027       -19.53787
      -252.8849       -233.4322
              0               0               1        3923.077
    5.23808e-09   -1.505553e-06     -0.01694222         100.462
  -5.850404e-08     1.44899e-05      0.02220649       -21.32939
       3923.077        4192.308
              0               0               0        4192.308
   1.527338e-06   -0.0002613352      -0.9870101        114.0223
   5.167393e-06     0.001557923      -0.1603809       -13.06174
      -237.7448       -219.4568
              0               0               1        3923.077
   6.624902e-09   -1.854185e-06     -0.02154618        119.8283
  -6.792838e-08    1.528751e-05      0.02486213       -19.53787
       3923.077        4192.308
