              0               0               0        710.2564
   3.622018e-05        0.002638      -0.7498257       -57.17512
   1.176687e-05     0.003078827       0.6620967       -43.99792
      -81.00927       -67.50772
              0               0               1        710.2564
  -9.921142e-07   -0.0001179055        0.113615       -66.72889
   -7.85419e-06     0.002016262      0.02918007       -34.46839
       710.2564        823.0769
              0               0               0        823.0769
   4.019248e-06    0.0005406501      -0.9558848       -43.23319
   8.368785e-06     0.001732055       0.2936084       -21.38937
      -86.15962       -71.79968
              0               0               1        710.2564
    -6.0247e-07   -0.0001951936       0.1532665       -57.17512
  -8.807784e-06     0.002157346      0.06911078       -43.99792
       710.2564        823.0769
