              0               0               0        3557.692
   1.097065e-06   -2.191086e-05      -0.9784419        353.4733
   -4.65346e-06     6.99678e-05       -0.205742        20.60942
      -502.7716       -481.8228
              0               0               1        3557.692
  -5.073072e-08    1.563668e-05      -0.0589794        332.9765
   2.107928e-07   -6.716592e-05    -0.002452401         16.2873
       3557.692        3846.154
              0               0               0        3846.154
  -3.866375e-06   -0.0001971779      -0.9443591        334.8817
    1.53884e-05      0.00051411      -0.3290507        21.25375
      -475.9363       -456.1056
              0               0               1        3557.692
  -2.881276e-08    8.872768e-06     -0.06461281        353.4733
   1.149643e-07   -3.865382e-05     0.003817612        20.60942
       3557.692        3846.154
