              0               0               0       -1274.359
   3.015663e-06   -0.0004192923       0.8754239       -356.3125
  -6.019221e-06    0.0007778613       0.4828062       -95.29379
       122.1962        152.7452
              0               0               1       -1274.359
  -1.165875e-06     0.001729904      0.05938467       -329.8745
  -4.436271e-06     0.002718321     -0.03805883       -79.99019
      -1274.359       -1161.538
              0               0               0       -1161.538
   3.240468e-06   -0.0004117637       0.8958251       -327.8297
  -7.220894e-06    0.0008514728        0.443773       -69.08003
       112.7651        140.9564
              0               0               1       -1274.359
  -1.101573e-06     0.001778437      0.06583856       -356.3125
  -4.813595e-06     0.002950546     -0.03926323       -95.29379
      -1274.359       -1161.538
