              0               0               0        1173.077
   -5.18831e-06    0.0006754093       0.9368772        401.1268
  -1.280321e-05     0.001879655       -0.347139       -72.49201
        619.693        646.6362
              0               0               1        1173.077
  -1.164162e-05    0.0002941181       0.5906057        426.7581
   2.669939e-05    -0.002053727      -0.6788129       -80.73095
       1173.077            1250
              0               0               0            1250
   -5.77874e-06     0.000807035       0.9048248        440.8894
  -1.147749e-05     0.001766172      -0.4236339       -121.5078
       690.6444        720.6724
              0               0               1        1173.077
  -1.107805e-05    0.0002811765       0.5608358        401.1268
   2.523879e-05    -0.001964998      -0.6353932       -72.49201
       1173.077            1250
