              0               0               0        2980.769
   3.154326e-07    6.058004e-05      -0.9968676        44.70396
  -1.036729e-06    0.0007817471      0.07884448       -29.86973
       -210.141        -186.792
              0               0               1        2980.769
  -3.280864e-09   -3.466936e-07      0.00263732        21.46514
   1.411608e-08   -2.830335e-06     0.009462865        -27.6158
       2980.769        3269.231
              0               0               0        3269.231
    2.51045e-07    5.378299e-05       -0.997847        44.18472
  -2.034912e-06    0.0008382146      0.06505106       -26.61215
      -199.2887       -177.1455
              0               0               1        2980.769
  -3.254675e-09   -5.437878e-07    -0.001372333        44.70396
    1.65064e-08   -4.061437e-06      0.01109102       -29.86973
       2980.769        3269.231
