              0               0               0        3557.692
   4.129403e-06    -2.07308e-05       0.9894342         311.313
   4.807831e-05   -0.0003621016       -0.148447        29.20559
       461.1853        482.1482
              0               0               1        3557.692
   -1.62394e-10    -2.49441e-07     -0.06224084        332.0834
   1.453992e-09   -4.411666e-06     0.009691979        26.37748
       3557.692        3846.154
              0               0               0        3846.154
   4.133418e-06   -1.141021e-05       0.9904041        294.5191
   5.282362e-05   -0.0003237404      -0.1417652        31.36003
       434.4489        454.1966
              0               0               1        3557.692
  -6.300837e-10   -7.906134e-08     -0.05814361         311.313
   7.421078e-10   -3.670527e-06     0.008465795        29.20559
       3557.692        3846.154
