              0               0               0        710.2564
   2.257156e-05    -0.002419032      -0.8660513        81.21976
  -1.449666e-05     0.004206541      -0.4999629       -57.25896
      -229.5263       -216.0247
              0               0               1        710.2564
   5.714203e-06   -0.0006448336       0.2560521        69.14131
  -6.074678e-06    0.0009162101       0.3553047       -63.27809
       710.2564        823.0769
              0               0               0        823.0769
   1.770792e-06   -0.0004295278      -0.9486069        111.7325
  -8.898311e-07     0.001269158      -0.3163958       -15.96957
      -244.1189        -229.759
              0               0               1        710.2564
   5.687996e-06   -0.0005052575       0.2550581        81.21976
  -4.964045e-06    0.0006360124       0.3574036       -57.25896
       710.2564        823.0769
