              0               0               0        3653.846
  -5.183313e-07    0.0001221419       0.9750112        245.1622
  -2.666747e-06    0.0005498136       -0.221943        41.32941
       390.4565        411.0068
              0               0               1        3653.846
   5.878969e-09   -3.076759e-06     -0.04997135        265.2461
   3.408788e-09   -4.448597e-06     0.005221254        36.97746
       3653.846        3923.077
              0               0               0        3923.077
  -3.897758e-07    0.0001208489        0.976854        232.6606
   -2.23035e-06    0.0005679663      -0.2136918        42.08128
       369.1761        388.6064
              0               0               1        3653.846
   6.777976e-09   -3.734552e-06     -0.04592025        245.1622
   4.908276e-09   -5.410628e-06     0.003893583        41.32941
       3653.846        3923.077
