              0               0               0       -1173.077
   0.0001062821    -0.001994542       0.9639977        166.3064
  -4.597638e-05    0.0002201243     -0.07454025        105.0448
       660.0196        688.7161
              0               0               1       -1173.077
   1.077054e-06   -0.0002744725     -0.08296788        194.8388
   1.008696e-05    -0.001165773      -0.2375096        102.0005
      -1173.077       -1096.154
              0               0               0       -1096.154
   0.0001292589    -0.002204256       0.9530508          162.46
  -7.188992e-05    0.0005251196      -0.1642247        86.42401
       583.3408        608.7035
              0               0               1       -1173.077
  -5.353996e-07   -5.154711e-05     -0.04286939        166.3064
   8.839779e-06    -0.001025521      -0.2154904        105.0448
      -1173.077       -1096.154
