              0               0               0       -1274.359
  -1.618859e-06    3.546331e-05      -0.9863145        -346.839
   1.101718e-05   -0.0002386975      -0.1652411       -127.5913
       1404.211         1434.71
              0               0               1       -1274.359
  -3.072939e-07     0.001543291      0.08302916       -376.9339
  -5.378539e-06      0.00325953     -0.03397091       -132.5405
      -1274.359       -1161.538
              0               0               0       -1161.538
  -1.245369e-06    2.482796e-05      -0.9928202       -320.4166
   1.209246e-05   -0.0002355459      -0.1200083       -99.31385
       1295.751        1323.893
              0               0               1       -1274.359
  -7.802989e-08     0.001373399      0.08024456        -346.839
  -5.010077e-06     0.003051494     -0.02985917       -127.5913
      -1274.359       -1161.538
