              0               0               0               0
  -1.585265e-05     0.001452066       0.9514727       -14.06222
   1.368524e-05     -0.00469629       0.3079801        130.3659
        136.353        149.9883
              0               0               1               0
   5.276717e-08   -2.600195e-06    -0.003350074      -0.8588209
   7.766385e-07   -0.0002612952     0.007440438        133.7269
              0        153.8462
              0               0               0        153.8462
  -6.244583e-06     0.001239863       0.9524526       -14.21778
  -3.077682e-05    -0.003905877       0.3057157        128.1932
       134.0376        147.4413
              0               0               1               0
  -8.632897e-08    3.248676e-05    -0.003965818       -14.06222
   8.055817e-07   -0.0002731015     0.008825658        130.3659
              0        153.8462
