              0               0               0       -3115.385
   4.974743e-05    -0.003182447      -0.8902487        148.6677
   5.732803e-06     0.001165496      -0.3779066         4.37991
       611.6429        634.2665
              0               0               1       -3115.385
    2.89779e-09   -1.253085e-06      0.02177972        127.4742
    -6.1778e-10      5.5789e-06    -0.001004719       -3.506794
      -3115.385       -2846.154
              0               0               0       -2846.154
   4.094131e-05    -0.002818347      -0.8878048        155.4278
   1.244477e-05    0.0007059891       -0.385868        5.213608
       642.0564        665.8038
              0               0               1       -3115.385
   3.378183e-09   -1.946318e-06      0.02538834        148.6677
   7.005191e-12    6.062963e-06     0.001463748         4.37991
      -3115.385       -2846.154
