              0               0               0       -246.1538
  -1.686829e-05    0.0003583259       0.9972063        13.07513
  -2.218294e-06    -0.004700784      0.06926674        133.8046
       161.7587        175.2386
              0               0               1       -246.1538
  -4.155258e-07    0.0001071907    -0.005896859        26.54116
  -6.384658e-07    0.0003888395     -0.04610552        133.8787
      -246.1538       -123.0769
              0               0               0       -123.0769
  -1.294408e-05    0.0003273009       0.9971113        13.27999
   6.187316e-05    -0.005753629      0.06530519        132.9128
       160.7461        174.1416
              0               0               1       -246.1538
  -4.557661e-07    0.0001006062    -0.003813926        13.07513
  -8.346086e-07    0.0004394665     -0.04869088        133.8046
      -246.1538       -123.0769
