              0               0               0        865.3846
   2.415495e-06   -0.0003243563      -0.9869443        68.97391
   3.223169e-06      0.00200139      -0.1605027       -16.72367
      -203.7599        -188.086
              0               0               1        865.3846
  -1.908112e-06   -0.0002689166       0.2631872        53.43432
   1.935258e-06     -0.00232964       0.2227065       -18.73527
       865.3846        942.3077
              0               0               0        942.3077
   1.833018e-06   -0.0002060726      -0.9922646        89.59483
   5.960023e-06     0.001534215      -0.1236937       -12.78497
      -239.9692         -221.51
              0               0               1        865.3846
  -2.314652e-06   -0.0001920078       0.2965379        68.97391
   1.823361e-06    -0.002422975       0.2267967       -16.72367
       865.3846        942.3077
