              0               0               0           -1250
  -2.763809e-07    -0.000270861      -0.9492172       -45.97899
   3.439194e-06    0.0008002417      -0.3147237        -75.4895
       1100.311         1130.84
              0               0               1           -1250
   2.195868e-06    9.000565e-05      0.04509875       -75.21756
   4.133972e-06    0.0007161463      0.06204914        -84.2539
          -1250       -1173.077
              0               0               0       -1173.077
   3.275666e-07   -0.0002716342      -0.9613142       -42.46421
   1.594455e-06    0.0009425229      -0.2753313       -66.28565
       1032.509        1061.154
              0               0               1           -1250
   1.824311e-06    1.476317e-05      0.03376181       -45.97899
   3.870057e-06     0.000576361      0.05241487        -75.4895
          -1250       -1173.077
