              0               0               0        2576.923
  -6.618295e-06    0.0004188263      -0.9532549       -77.77345
   8.903598e-06    0.0008340241       0.2946212       -10.22892
      -100.1286       -75.09648
              0               0               1        2576.923
  -3.203306e-09   -6.256712e-07      0.02312345       -101.4768
  -2.139621e-09    7.817992e-06    -0.006149712       -2.191646
       2576.923        2846.154
              0               0               0        2846.154
  -7.837863e-06    0.0004273901      -0.9592475       -72.56534
   8.700843e-06    0.0008992678       0.2744259       -10.51536
      -95.62076       -71.71557
              0               0               1        2576.923
  -2.610057e-09   -1.375862e-06      0.01990403       -77.77345
  -1.807764e-09     6.32763e-06    -0.002636502       -10.22892
       2576.923        2846.154
