              0               0               0       -557.6923
   2.645779e-07     0.004197492      -0.6208601       -54.54515
  -2.236547e-05     0.003358401       0.7834037       -56.34221
       636.8201        650.8144
              0               0               1       -557.6923
   4.587327e-06    -0.001591215      0.09229336       -62.41089
  -6.488629e-06     0.002389448      -0.1732664        -44.7826
      -557.6923       -461.5385
              0               0               0       -461.5385
   1.837679e-05     0.003817863      -0.6162296        -56.1924
   -8.30852e-06     0.002956464       0.7883446        -56.9731
        643.157        657.4571
              0               0               1       -557.6923
   5.104925e-06    -0.001753545       0.1042807       -54.54515
  -5.868673e-06     0.002254708      -0.1691009       -56.34221
      -557.6923       -461.5385
