              0               0               0       -246.1538
  -6.373671e-05    -0.002887256      -0.1522282        127.0543
   2.002673e-05    0.0005992725       -0.989988        13.98138
       350.4809        363.9644
              0               0               1       -246.1538
  -1.787392e-07    0.0001055668     -0.01220533        124.3205
  -3.713238e-07    6.006536e-05   -8.263582e-05       0.7909134
      -246.1538       -123.0769
              0               0               0       -123.0769
  -6.436005e-05    -0.002644738      -0.1646711        126.9206
   1.920454e-05     0.000620282      -0.9884978        14.08685
        348.288        361.6882
              0               0               1       -246.1538
   2.440765e-08    2.892717e-05    -0.005015767        127.0543
  -5.444018e-07    0.0001324259    -0.007195042        13.98138
      -246.1538       -123.0769
