              0               0               0       -3846.154
  -3.119245e-06    0.0002162081       0.9949103       -43.22585
   6.910584e-06    -0.002196243      0.09966261         77.6787
       274.2747        293.8657
              0               0               1       -3846.154
  -4.740284e-09    2.567552e-06     -0.01079659       -23.67498
  -2.505216e-10   -4.112361e-08     0.009840011        78.84022
      -3846.154       -3557.692
              0               0               0       -3557.692
   -2.86921e-06    0.0002325745       0.9935902       -47.43068
    4.36887e-06    -0.002022858       0.1123535        80.16816
       291.1956        311.9953
              0               0               1       -3846.154
  -4.500649e-09    2.556747e-06     -0.01493979       -43.22585
   2.073631e-09   -2.856433e-06     0.009281556         77.6787
      -3846.154       -3557.692
