              0               0               0       -1048.718
   9.254753e-06   -0.0002780214       0.9900959        112.4916
  -8.886532e-06   -0.0008911205      -0.1230739        86.21754
       497.7187        521.4196
              0               0               1       -1048.718
   4.536675e-08   -0.0001426577     -0.03119762        135.9247
   3.220711e-08    0.0001253859      -0.1957109         82.6817
      -1048.718       -935.8974
              0               0               0       -935.8974
   1.166718e-05   -0.0004163513       0.9739732        111.5856
  -1.757901e-05   -0.0009394347      -0.2162768        66.99035
       412.7023        432.3548
              0               0               1       -1048.718
   2.759511e-07   -0.0001993125      0.01094407        112.4916
   3.513061e-07    1.957563e-05       -0.177103        86.21754
      -1048.718       -935.8974
