              0               0               0           -5000
   1.269442e-06   -4.614936e-05        0.974179       -99.03723
  -5.508569e-06    0.0001982118       0.2257881         52.1794
       132.9463        147.7181
              0               0               1           -5000
   2.076452e-07   -0.0001322701    -0.009572178       -84.65281
  -4.101813e-08    2.482044e-05     0.001796216         55.5402
          -5000       -4730.769
              0               0               0       -4730.769
   1.229505e-06   -4.958747e-05        0.972876       -108.2228
   -5.16794e-06    0.0002074004       0.2313346        53.31343
       143.0661        158.9623
              0               0               1           -5000
   2.351304e-07   -0.0001497699     -0.01083861       -99.03723
  -3.245942e-08    1.921824e-05     0.001390793         52.1794
          -5000       -4730.769
