              0               0               0               0
  -1.089375e-05     0.004481846       0.3738182       -81.66339
  -1.265807e-05     -0.00181185       0.9279677        67.25866
       40.90589        54.54119
              0               0               1               0
  -6.449444e-07    0.0001761429    -0.007008589       -75.76061
   3.101584e-07   -0.0001618779      0.01055068        79.54282
              0        153.8462
              0               0               0        153.8462
  -3.680873e-05     0.004840231       0.3881607       -81.00202
   4.574306e-06    -0.002109664       0.9212154        66.48422
       40.21127        53.61503
              0               0               1               0
  -6.156038e-07    0.0001696607    -0.007232244       -81.66339
   1.470347e-07    -0.000121908      0.01024114        67.25866
              0        153.8462
