              0               0               0        2846.154
  -8.939333e-07    0.0001471323        0.992252        2.523221
  -6.763628e-07    -0.001179753        0.124195        85.85311
       167.6288        191.5758
              0               0               1        2846.154
   -1.06538e-08    5.432537e-06    -0.005042299        26.35676
   4.040287e-09   -6.006937e-07     -0.01027619        88.14138
       2846.154        3115.385
              0               0               0        3115.385
  -8.022447e-07    0.0001701352       0.9901527        2.511978
  -2.764358e-06    -0.001192832       0.1403172        82.86211
       159.7313          182.55
              0               0               1        2846.154
  -1.125117e-08    5.489154e-06    -0.000704066        2.523221
   5.495342e-09    9.377224e-09     -0.01151032        85.85311
       2846.154        3115.385
