              0               0               0        2692.308
   9.153492e-07   -0.0001238813      -0.9946861        142.9219
   4.552631e-06     0.001119224       -0.102913       -34.43339
      -319.1328       -294.5841
              0               0               1        2692.308
     5.3499e-09   -5.546693e-06     -0.01187483        118.4425
   3.566641e-10   -6.865935e-06      0.01919663       -36.21793
       2692.308        2980.769
              0               0               0        2980.769
   8.754068e-07   -0.0001506827      -0.9925343        137.9296
   4.388521e-06     0.001168813      -0.1216167       -29.09664
       -303.537        -280.188
              0               0               1        2692.308
   4.949458e-09   -5.241632e-06     -0.01620617        142.9219
   1.891417e-09   -8.913655e-06      0.02091461       -34.43339
       2692.308        2980.769
