              0               0               0       -4134.615
   5.589237e-07   -6.824302e-05      -0.9973217        15.83231
  -4.907099e-07    0.0009318193     -0.07287958       -15.77484
       606.7527        625.1166
              0               0               1       -4134.615
   1.692663e-09   -6.846928e-07    -0.003583488       -2.501911
   9.588336e-08   -3.479531e-05      -0.0163748       -16.80199
      -4134.615       -3846.154
              0               0               0       -3846.154
   4.814964e-07   -7.907359e-05      -0.9949347        16.01984
  -1.467764e-06    0.0007906475      -0.1003051       -20.44289
       646.9317        666.5761
              0               0               1       -4134.615
  -2.908094e-11    -1.02485e-07    0.0006821078        15.83231
   7.863349e-08   -2.837093e-05     -0.01454172       -15.77484
      -4134.615       -3846.154
