              0               0               0       -2403.846
  -4.389981e-07   -9.369615e-05        0.995928        35.20957
   2.262838e-06    -0.001007957     -0.09086661        90.55256
       461.4438        487.0795
              0               0               1       -2403.846
  -1.061316e-08   -4.200858e-06    0.0008304346        60.67198
   1.092617e-08    1.103144e-06      0.01384652        87.59883
      -2403.846       -2115.385
              0               0               0       -2115.385
  -3.877447e-07    -5.70714e-05       0.9984904        33.55261
   3.668721e-06    -0.001035857     -0.05491673         94.0967
       483.1877        510.0314
              0               0               1       -2403.846
  -1.272452e-08   -3.814736e-06     -0.00358491        35.20957
    5.08441e-09    2.545064e-07      0.01178986        90.55256
      -2403.846       -2115.385
