              0               0               0        4192.308
  -3.214404e-06   -4.993266e-05       0.9998109         59.0494
  -2.530285e-06    -0.002041663     -0.02455397        75.83656
       183.1183        201.4302
              0               0               1        4192.308
   6.795117e-09   -1.466358e-07     -0.01486903        77.32129
   2.451906e-09   -1.390753e-07    -0.009517437        74.68678
       4192.308        4461.538
              0               0               0        4461.538
  -4.014301e-06    -2.58722e-05       0.9998844        56.28281
  -2.004035e-06    -0.002248547     -0.01645742        73.11942
       171.8726        189.0599
              0               0               1        4192.308
   4.953409e-09    1.744621e-07      -0.0106819         59.0494
   5.447454e-09   -1.401516e-06     -0.01010977        75.83656
       4192.308        4461.538
