              0               0               0       -484.6154
  -1.481069e-06     0.003204893       -0.843681       -31.04913
  -3.260325e-05     0.005010007       0.5352493       -79.65414
       572.5065        588.2738
              0               0               1       -484.6154
   1.197854e-06    -3.91102e-05     -0.01033393        -43.5607
   2.109484e-07    0.0001203961     0.001276737       -70.09702
      -484.6154       -369.2308
              0               0               0       -369.2308
    1.66651e-05     0.002225397      -0.8786341       -31.00331
  -4.111877e-06     0.004180214       0.4769676       -75.96033
       573.6313        588.3915
              0               0               1       -484.6154
    1.17977e-06   -6.214723e-05    -0.008139017       -31.04913
  -2.372293e-07    0.0002473257     0.006633763       -79.65414
      -484.6154       -369.2308
