              0               0               0       -1173.077
  -0.0005098625     0.007155235        1.112092        194.8388
  -0.0001193098     -0.00373796      -0.1754899        102.0005
       688.7161        717.4126
              0               0               1       -1173.077
   3.020074e-06   -0.0005383138      -0.1263194        220.5955
   1.063693e-05    -0.001208871      -0.2472975        91.06699
      -1173.077       -1096.154
              0               0               0       -1096.154
   -0.000663567     0.007630784        1.090682        187.3228
  -9.207062e-05    -0.004944836      -0.2763204        81.42376
       608.7035        634.0661
              0               0               1       -1173.077
   1.077054e-06   -0.0002744725     -0.08296788        194.8388
   1.008696e-05    -0.001165773      -0.2375096        102.0005
      -1173.077       -1096.154
