              0               0               0       -123.0769
   4.043268e-05    -0.004445486        0.592134        106.4554
   3.855131e-05    -0.003179989      -0.8049345        89.68605
       267.9102        281.3057
              0               0               1       -123.0769
  -6.836833e-07    9.136099e-05     0.006933286        113.6868
  -4.670831e-07    5.027074e-05      0.01039057        78.42559
      -123.0769               0
              0               0               0               0
  -1.297539e-05    -0.003928966       0.5935946         107.319
   1.750354e-05    -0.003036002      -0.8046339        91.08662
        272.706        286.3412
              0               0               1       -123.0769
  -6.357657e-07    7.575813e-05     0.007323099        106.4554
  -6.027407e-07    6.708482e-05      0.01225334        89.68605
      -123.0769               0
