              0               0               0        1769.231
   3.189472e-07   -5.447638e-06       -1.000018        179.9808
   8.034409e-06    0.0002859266    -0.007031097       -62.37459
      -397.4808       -369.0894
              0               0               1        1769.231
  -1.728202e-08   -4.611146e-06    0.0001829442        151.5917
   5.668185e-08   -5.247982e-05      0.04881921       -62.15986
       1769.231        2038.462
              0               0               0        2038.462
  -1.671606e-07    -1.96239e-05      -0.9981997        178.2208
   9.735899e-06    0.0002538917     -0.06087845       -50.43985
      -381.9549       -354.6724
              0               0               1        1769.231
   -2.22476e-08   -1.908243e-06    -0.004410617        179.9808
   6.330582e-08   -6.059823e-05       0.0560552       -62.37459
       1769.231        2038.462
