              0               0               0       -1387.179
  -1.341473e-06    0.0002887564       0.9717318       -33.23781
    2.33029e-06    -0.001198143       0.2359606        92.96284
       479.6806        509.6607
              0               0               1       -1387.179
   6.226656e-06   -0.0009048752     -0.05318817       -3.881867
  -7.730091e-07    4.265626e-05     0.005381115        99.02285
      -1387.179       -1274.359
              0               0               0       -1274.359
  -1.027156e-06     0.000337856       0.9543477       -41.89901
   7.497086e-07    -0.001084186       0.2986136        90.93091
       488.7847        519.3337
              0               0               1       -1387.179
    6.53171e-06   -0.0009117604     -0.05704306       -33.23781
    3.54475e-07   -8.976804e-05     -0.01239456        92.96284
      -1387.179       -1274.359
