              0               0               0        710.2564
   5.184027e-05    -0.004928702         0.49022         127.155
   3.637412e-05    -0.002769931      -0.8700385        66.94265
       296.7373        310.2254
              0               0               1        710.2564
  -1.251337e-06     0.001752633       0.3068469        132.9976
   8.909534e-06    -0.002851117       0.1117357        54.79285
       710.2564        823.0769
              0               0               0        823.0769
  -1.061983e-05    0.0001195179       0.9276939        174.8462
  -2.923587e-05     0.000321641      -0.3728148        49.26302
        315.125        329.4489
              0               0               1        710.2564
  -8.602388e-07     0.001759511       0.2351579         127.155
    1.02909e-05    -0.003124176      0.06477805        66.94265
       710.2564        823.0769
