              0               0               0       -4711.538
  -3.340778e-06     1.44235e-05        1.000097       -14.69554
   1.088826e-06    -0.002319441       0.0104274        70.14907
        239.684         255.663
              0               0               1       -4711.538
   9.788686e-10   -4.274907e-07     -0.00573892        1.275008
   1.246369e-09    -2.70176e-07      0.01052641        69.72792
      -4711.538       -4423.077
              0               0               0       -4423.077
  -2.529781e-06    2.716136e-05       0.9998857       -17.57195
   6.955328e-06    -0.002257836       0.0165739        73.11855
       257.7932        274.9794
              0               0               1       -4711.538
   9.309485e-10   -4.265833e-07    -0.009925987       -14.69554
  -3.249233e-10   -4.136489e-07      0.01044057        70.14907
      -4711.538       -4423.077
