              0               0               0        3115.385
   -1.95625e-06    2.818507e-05       0.9999363         47.9726
   -3.33698e-06    -0.001524717      0.01523193        86.52675
       205.3688        228.1875
              0               0               1        3115.385
   1.624777e-08   -2.654706e-06     -0.01274396        70.78133
  -2.930308e-09   -9.565386e-07     -0.00813568        86.04076
       3115.385        3384.615
              0               0               0        3384.615
  -1.884626e-06    4.173651e-05       0.9996931        45.78034
  -2.767022e-06    -0.001593233      0.02478732        83.96453
       195.3076        217.0084
              0               0               1        3115.385
   1.717408e-08   -2.868495e-06    -0.008615265         47.9726
  -9.885162e-09    1.109449e-06    -0.009098975        86.52675
       3115.385        3384.615
