              0               0               0        2846.154
   3.418502e-06    0.0001822303      -0.9738206       -49.43681
  -9.394585e-07    0.0009666416        0.229821       -16.54884
      -119.5259       -95.62076
              0               0               1        2846.154
   4.662948e-09   -3.483985e-06      0.01859561       -72.56534
  -9.049844e-10    4.867513e-06    0.0003775751       -10.51536
       2846.154        3115.385
              0               0               0        3115.385
   4.283188e-06    0.0001545415      -0.9773048       -45.58571
   1.407669e-06    0.0009197035        0.214664       -15.46316
      -113.9129       -91.13031
              0               0               1        2846.154
   4.108302e-09   -3.631854e-06       0.0149841       -49.43681
  -1.325404e-09    3.982696e-06     0.003056328       -16.54884
       2846.154        3115.385
