              0               0               0        2115.385
   1.251414e-07    0.0001098883      -0.9866727        43.00505
  -1.014161e-06    0.0006746833       0.1625089       -40.96388
      -242.6723       -215.7087
              0               0               1        2115.385
   1.155822e-08   -1.227909e-05      0.01089192        16.48315
   1.134234e-08   -7.435154e-06      0.01082282       -36.11142
       2115.385        2403.846
              0               0               0        2403.846
      2.979e-07      8.4579e-05      -0.9920905        44.37155
  -3.461234e-07    0.0006828692       0.1253323       -37.01098
      -231.8015       -206.0458
              0               0               1        2115.385
   9.685654e-09   -1.152502e-05     0.007255789        43.00505
   1.855558e-08   -1.454999e-05      0.01635649       -40.96388
       2115.385        2403.846
