              0               0               0       -246.1538
   2.197206e-06     0.003718935      -0.4914442       -74.72145
  -7.680799e-06     0.001979349       0.8708075       -24.02571
        620.151        633.6345
              0               0               1       -246.1538
   4.390569e-07   -0.0002211739      0.02379537       -80.66633
  -9.842012e-07    0.0002242699     -0.01013035       -11.94314
      -246.1538       -123.0769
              0               0               0       -123.0769
   2.124185e-05     0.003465971       -0.501897       -74.21738
  -5.945541e-06     0.002065832       0.8648226       -23.57313
        616.293        629.6933
              0               0               1       -246.1538
   6.028005e-07    -0.000287232      0.03031602       -74.72145
  -7.458076e-07    0.0001268786   -0.0006411595       -24.02571
      -246.1538       -123.0769
