              0               0               0       -484.6154
  -1.278538e-05     0.004257248       0.4564431       -65.14116
  -7.567394e-06    -0.002253834       0.8899804        95.92497
       51.23693        64.04616
              0               0               1       -484.6154
   2.612273e-06   -0.0004765021     -0.04197391       -58.62283
   1.069064e-06   -0.0005288228     -0.01198622        106.9392
      -484.6154       -369.2308
              0               0               0       -369.2308
  -1.204523e-05     0.004305059       0.4695931       -72.89075
  -9.218091e-06    -0.002324445       0.8832263        88.68171
       53.99507        67.49384
              0               0               1       -484.6154
     2.7592e-06   -0.0005060438     -0.04550842       -65.14116
   1.447746e-06     -0.00060255      -0.0125247        95.92497
      -484.6154       -369.2308
