              0               0               0        2692.308
  -3.182873e-06    0.0003117475        0.988674        385.6233
  -1.791542e-05     0.002277033       -0.144287        10.20562
       565.6036        590.1951
              0               0               1        2692.308
  -2.202711e-09    1.131575e-07     -0.06525994        410.0774
   1.857716e-08   -2.934707e-05      0.03541179        7.767974
       2692.308        2980.769
              0               0               0        2980.769
  -3.102791e-06    0.0002782768       0.9913561        367.9168
   -2.03218e-05     0.002410772      -0.1244792        17.83918
       537.7807        561.1625
              0               0               1        2692.308
  -2.521959e-09    3.997259e-07     -0.06128779        385.6233
   1.759947e-08   -2.758451e-05      0.03295564        10.20562
       2692.308        2980.769
