              0               0               0        484.6154
  -1.284176e-05    -0.001001893       0.9820916        37.37283
   1.840826e-05      -0.0053076      -0.1843847        146.2363
       182.8075        195.8652
              0               0               1        484.6154
   -1.29855e-05     0.001649665       0.1245194        49.99725
     5.8599e-06    -0.001161984     -0.02427021        142.9647
       484.6154        597.4359
              0               0               0        597.4359
  -1.999578e-05    -0.001776103       0.9266282        53.58093
  -1.646529e-05    -0.004080986      -0.3762398        140.1058
       199.9674        214.2508
              0               0               1        484.6154
  -1.273454e-05     0.001573329       0.1282502        37.37283
   3.531848e-06   -0.0008867746    0.0007526783        146.2363
       484.6154        597.4359
