              0               0               0       -2403.846
  -4.136839e-07    2.481598e-06      -0.9940868       -285.8829
   -3.35132e-06    1.507065e-05       0.1084784       -19.60753
       1152.802        1178.398
              0               0               1       -2403.846
  -1.074843e-08    7.364963e-06     -0.04882275       -311.3323
  -6.895449e-08   -1.295659e-05     -0.04071397        -16.8773
      -2403.846       -2115.385
              0               0               0       -2115.385
  -2.623466e-07    1.802987e-06      -0.9973437        -298.328
  -2.990955e-06    1.355406e-05      0.07267437        -33.2548
       1207.101        1233.901
              0               0               1       -2403.846
   -8.65136e-09    6.987943e-06     -0.04443893       -285.8829
  -6.410573e-08   -1.176212e-05     -0.03858339       -19.60753
      -2403.846       -2115.385
