              0               0               0       -1019.231
    3.86412e-07   -1.890483e-05      -0.9982861       -298.6487
   5.735605e-06   -0.0003506731      0.05792093       -27.53591
       1086.518        1109.133
              0               0               1       -1019.231
  -3.042644e-06    0.0006801582       0.5578717       -321.2301
  -8.573064e-06    0.0007921425       0.3861665       -26.33903
      -1019.231       -942.3077
              0               0               0       -942.3077
    1.42215e-06   -7.335031e-05      -0.9929801       -255.9564
   1.152142e-05   -0.0006405752       0.1179942        1.972062
       953.3932        973.2355
              0               0               1       -1019.231
  -2.724735e-06    0.0006309617        0.522587       -298.6487
  -8.422321e-06    0.0008183785       0.3704876       -27.53591
      -1019.231       -942.3077
