              0               0               0               0
  -1.139736e-05    0.0008036029       0.9822293      -0.8588209
  -1.296732e-05    -0.004136483       0.1875426        133.7269
       149.9883        163.6236
              0               0               1               0
   1.612004e-07    5.688445e-06    -0.007390382        12.65468
   9.724532e-07   -0.0002792324     0.003351062        135.4821
              0        123.0769
              0               0               0        123.0769
  -9.437601e-07     0.000514581       0.9837347       -1.185992
  -5.088225e-05    -0.003150992       0.1791223        131.7627
       147.9033        161.3491
              0               0               1               0
   5.657594e-08    3.534787e-05    -0.007865784      -0.8588209
   1.036482e-06   -0.0002845505      0.00336216        133.7269
              0        123.0769
