              0               0               0        4461.538
   7.352627e-07    7.433904e-05       0.9730484        174.1403
   3.603686e-06    0.0003124041      -0.2305962        50.33514
       292.1835        309.3708
              0               0               1        4461.538
  -7.883553e-08    1.376453e-05     -0.04007221          190.89
  -3.948674e-09   -8.045473e-07   -0.0002022663        46.48241
       4461.538        4730.769
              0               0               0        4730.769
   6.956635e-07    7.906945e-05       0.9746001        163.8869
   3.570889e-06    0.0003431249      -0.2239424        49.78544
       272.9911        289.0495
              0               0               1        4461.538
  -7.142945e-08    1.252044e-05     -0.03627738        174.1403
  -5.522536e-09   -6.027757e-07    -0.001479165        50.33514
       4461.538        4730.769
