              0               0               0        246.1538
   5.103272e-06     0.003177444      -0.7768474       -49.10587
  -2.018038e-05     0.003996218       0.6288431       -54.14411
      -93.81031       -80.40884
              0               0               1        246.1538
  -1.397513e-06    6.836907e-05     0.003938719       -58.93382
   2.811342e-06   -0.0004491244     -0.03368272       -45.04754
       246.1538        369.2308
              0               0               0        369.2308
  -1.444999e-05     0.003440189       -0.771072       -49.66248
  -3.542335e-05     0.004118591       0.6360936       -60.58046
      -100.0106       -85.72335
              0               0               1        246.1538
  -1.710356e-06    0.0001176311     0.006908221       -49.10587
   2.392096e-06   -0.0004434438     -0.03395299       -54.14411
       246.1538        369.2308
