              0               0               0       -710.2564
  -9.372641e-06   -0.0001156292       0.9994517         19.2397
  -8.127107e-06    -0.003703205     -0.02853899        115.9559
       173.6712        187.0305
              0               0               1       -710.2564
   1.072269e-06   -0.0009348607       0.1916234        32.54871
   4.477194e-07   -0.0009948318       0.3366882        114.8943
      -710.2564       -597.4359
              0               0               0       -597.4359
  -2.197902e-05    -0.000363445       0.9956446        30.88721
  -5.420176e-05    -0.003561538     -0.09951083        142.8942
       170.1648        183.2544
              0               0               1       -710.2564
   1.456208e-06     -0.00102891       0.2007861         19.2397
    5.26886e-07    -0.001074281       0.3532665        115.9559
      -710.2564       -597.4359
