              0               0               0       -4730.769
   8.593598e-06   -9.194135e-05      -0.9799254       -187.5329
   3.852536e-05   -0.0004136601       0.1996705        20.20425
       730.7407        746.6137
              0               0               1       -4730.769
  -1.089165e-07    6.911642e-05     -0.06906905       -203.0761
   -1.06304e-08    3.548436e-06    -0.007030112        23.42349
      -4730.769       -4461.538
              0               0               0       -4461.538
   6.931441e-06   -7.527491e-05      -0.9812264       -202.1237
   3.212759e-05   -0.0003492472       0.1931526        18.24108
       782.4777        799.4726
              0               0               1       -4730.769
  -1.011453e-07    6.424387e-05     -0.06415922       -187.5329
  -1.176803e-08    4.380725e-06      -0.0076182        20.20425
      -4730.769       -4461.538
