              0               0               0       -942.3077
  -8.079833e-07    2.808586e-06      -0.9951024       -196.7485
  -7.407237e-06    1.802693e-05      0.09872457       -4.134026
       893.8662        913.7085
              0               0               1       -942.3077
   4.622839e-06    5.663293e-05       0.4971035       -216.4989
  -6.310733e-06    -0.001000566        0.325945        -2.22587
      -942.3077       -865.3846
              0               0               0       -865.3846
  -2.432579e-06    2.864463e-05      -0.9839029        -159.012
  -1.306044e-05    0.0001586779       0.1785941        11.02227
       769.1582        786.2382
              0               0               1       -942.3077
   4.120659e-06    8.066186e-05       0.4599875       -196.7485
   -7.43295e-06   -0.0009531948       0.3143364       -4.134026
      -942.3077       -865.3846
