              0               0               0        2980.769
   7.387893e-07   -1.012675e-05       0.9577248        186.2984
     2.4875e-06   -3.468146e-05      -0.2876774        61.75295
       350.7266        374.1083
              0               0               1        2980.769
   2.940862e-09   -6.067967e-07     -0.03532218        208.6956
   5.797907e-10   -6.788051e-06     0.005690152        55.03938
       2980.769        3269.231
              0               0               0        3269.231
   6.290249e-07   -6.332483e-06       0.9617389        177.1953
   2.202746e-06   -2.211932e-05       -0.273966        62.19219
       332.6405        354.8165
              0               0               1        2980.769
   3.077262e-09   -3.978565e-07     -0.03169864        186.2984
   6.893857e-10   -6.038479e-06     0.003207192        61.75295
       2980.769        3269.231
