              0               0               0        634.6154
  -6.464848e-06    -0.001648499       0.9572789        46.88316
   3.207753e-05     -0.00541674      -0.2888149        139.4539
       196.6707        209.7821
              0               0               1        634.6154
  -4.530972e-06    0.0009110624      0.06545493        59.13645
   7.338536e-07    -0.001044125      -0.1302946        134.8082
       634.6154        711.5385
              0               0               0        711.5385
   4.159248e-06     -0.00129254       0.9594256        54.79122
   3.113535e-05    -0.004174616      -0.2809865        123.4115
       202.2065        215.6869
              0               0               1        634.6154
  -4.341817e-06    0.0009164875      0.05799695        46.88316
  -2.866898e-09    -0.001027752       -0.129476        139.4539
       634.6154        711.5385
