              0               0               0        1826.923
  -1.433203e-06   -0.0002663504       0.9795098        92.59271
  -6.884112e-07    -0.001292628      -0.2014988         89.9387
       281.9424        310.1367
              0               0               1        1826.923
   1.282961e-07   -8.085976e-05     -0.01245281        119.9654
  -5.748891e-08    2.616332e-05     0.006512987        83.21463
       1826.923        2115.385
              0               0               0        2115.385
  -1.276971e-06   -0.0002143896       0.9886457        86.20217
   4.554831e-07    -0.001409586      -0.1499441           90.96
       270.1047        297.1151
              0               0               1        1826.923
   1.185965e-07   -7.300825e-05     -0.01096222        92.59271
  -3.619503e-08    1.462145e-05     0.002334576         89.9387
       1826.923        2115.385
