              0               0               0       -3557.692
   4.949429e-07   -0.0002188304       0.9781436        55.89611
   1.197475e-07   -0.0009512612      -0.2073641        73.46783
        395.194        415.9937
              0               0               1       -3557.692
   1.173353e-09   -1.696976e-06      0.01079569        76.15097
   -9.15022e-09    2.887748e-06      0.01220147        68.74425
      -3557.692       -3269.231
              0               0               0       -3269.231
    4.95798e-07   -0.0002054767       0.9805705        57.66519
    4.27536e-07   -0.0009532724      -0.1953298        77.04072
       418.1661        440.1748
              0               0               1       -3557.692
   1.077876e-09   -1.759568e-06     0.006550691        55.89611
  -8.786075e-09    2.304351e-06      0.01245242        73.46783
      -3557.692       -3269.231
