              0               0               0       -2307.692
  -4.384431e-07    3.340539e-05      -0.9946086       -135.0381
  -3.599592e-06     0.000280077       0.1041751       -40.14039
       1014.808        1040.805
              0               0               1       -2307.692
   6.149327e-09    5.414528e-06     -0.02122332       -160.8799
   1.026948e-08   -1.800109e-05     -0.03197683       -37.30614
      -2307.692       -2038.462
              0               0               0       -2038.462
   -2.72779e-07    2.160707e-05      -0.9977837       -139.0271
  -2.997654e-06    0.0002496869      0.06745916       -48.97338
       1058.888        1086.012
              0               0               1       -2307.692
   2.172026e-09     6.13144e-06     -0.01662441       -135.0381
   8.869901e-09   -1.521312e-05     -0.02935536       -40.14039
      -2307.692       -2038.462
