              0               0               0       -710.2564
   -9.96241e-06    0.0009077086       0.9686745       -20.45921
   4.907744e-06     -0.00347155       0.2478193        111.4767
       133.5932        146.9525
              0               0               1       -710.2564
   2.259976e-06    -0.001211935       0.2159282       -7.380126
   7.568055e-07    -0.001205537       0.3748242        114.1795
      -710.2564       -597.4359
              0               0               0       -597.4359
   -2.12996e-05     0.001532032       0.9589014       -7.966035
    2.24671e-05    -0.005219147       0.2836721        139.3402
        130.896        143.9856
              0               0               1       -710.2564
   2.663726e-06     -0.00130486       0.2240447       -20.45921
   9.568281e-07    -0.001254465       0.3763228        111.4767
      -710.2564       -597.4359
