              0               0               0       -1387.179
   2.214598e-07   -1.872908e-05      -0.9954845       -140.3415
  -2.653383e-06    0.0002207208     -0.09523254       -83.83764
       1162.776        1192.295
              0               0               1       -1387.179
   6.225413e-07    0.0001336113      0.01001903       -169.7385
   7.474083e-06    -0.000718153      -0.1292491       -86.52479
      -1387.179       -1274.359
              0               0               0       -1274.359
   2.818151e-07   -3.004799e-05      -0.9882456       -135.8527
   -2.14192e-06      0.00021945      -0.1532557       -94.98388
       1190.716        1221.215
              0               0               1       -1387.179
  -1.573243e-07     0.000225563      0.01634134       -140.3415
    6.55003e-06   -0.0006191887      -0.1123109       -83.83764
      -1387.179       -1274.359
