              0               0               0       -1161.538
   0.0004717246     -0.03768522       0.2531475         218.956
   0.0002613725     -0.01373158      -0.6864594        87.72134
       704.7821        732.9235
              0               0               1       -1161.538
   8.170918e-07   -0.0002417561      -0.1371347        206.7486
    1.69308e-06    -0.000240132      -0.1898543        63.35388
      -1161.538       -1048.718
              0               0               0       -1048.718
   0.0007054771     -0.04648486       0.1690481        202.0553
   0.0002954374     -0.01104652      -0.7146805        60.49261
       592.5223        616.1867
              0               0               1       -1161.538
   1.120898e-06   -0.0003447289      -0.1251765         218.956
   1.936476e-06   -0.0002907887       -0.233187        87.72134
      -1161.538       -1048.718
