              0               0               0       -153.8462
   -1.49611e-05    -0.002350808        0.845377        77.11915
  -8.290492e-07    -0.003631568      -0.5349254        116.6983
       227.3844          240.76
              0               0               1       -153.8462
  -9.379716e-07    0.0002398266     -0.01015895        87.97017
  -5.203092e-07    7.046477e-05       0.0144743        108.8917
      -153.8462               0
              0               0               0               0
  -3.493804e-05    -0.002069779       0.8462638        77.60248
  -2.214119e-05     -0.00334391      -0.5332813         118.841
       231.8001        245.4354
              0               0               1       -153.8462
  -8.558513e-07    0.0002252769      -0.0112595        77.11915
  -6.392603e-07    0.0001061576      0.01272585        116.6983
      -153.8462               0
