              0               0               0       -369.2308
  -2.768293e-06    -0.003328342      -0.6306884        102.5328
   2.191806e-05     0.002683806      -0.7760604       -49.11834
         426.03        440.7901
              0               0               1       -369.2308
   3.466159e-09    0.0001550371     -0.05510367        92.48973
  -2.142302e-06    0.0004797095      0.01502872       -59.91792
      -369.2308       -246.1538
              0               0               0       -246.1538
   1.766056e-05    -0.003420597      -0.6911842        97.96087
  -9.106553e-07      0.00333438      -0.7225006       -45.65778
       417.8984        431.3819
              0               0               1       -369.2308
   2.551693e-07     8.33312e-05     -0.05126834        102.5328
  -2.091835e-06    0.0005274176    -0.005108914       -49.11834
      -369.2308       -246.1538
