              0               0               0       -1161.538
   -8.81344e-07     0.000203021       0.9820965       -2.647996
   1.184339e-06    -0.001077732       0.1884208        95.57053
       479.2519        507.4431
              0               0               1       -1161.538
  -1.987156e-06    0.0003239688       0.1339499        25.18017
  -6.170946e-07   -7.536913e-05      -0.0693961        100.0524
      -1161.538       -1048.718
              0               0               0       -1048.718
  -1.080147e-06    8.579126e-05       0.9977435        17.88125
   4.526652e-06    -0.001376241      0.06700555        89.50228
       402.9152         426.616
              0               0               1       -1161.538
  -2.414517e-06    0.0004281836        0.164389       -2.647996
  -1.157496e-06    7.228972e-07     -0.03913515        95.57053
      -1161.538       -1048.718
