              0               0               0           -5000
   3.801645e-06    2.021197e-05       -0.974342       -216.0536
   1.569337e-05    5.874747e-05         0.22445        31.69452
       723.3109        738.0616
              0               0               1           -5000
   6.981704e-11   -5.696487e-08     -0.07083022       -230.4092
   1.193806e-09   -3.943618e-06    -0.002741027        35.06845
          -5000       -4711.538
              0               0               0       -4711.538
   3.646696e-06    1.926906e-05      -0.9760008       -235.2999
   1.590891e-05     7.56959e-05       0.2173942        30.42784
       782.1892        798.1357
              0               0               1           -5000
   1.879891e-09   -1.550977e-06     -0.06642965       -216.0536
   8.846932e-09   -1.036148e-05    -0.002138412        31.69452
          -5000       -4711.538
