              0               0               0       -1048.718
   3.475177e-08   -0.0001696078      -0.9674141        38.63533
   1.285573e-06     0.000648366      -0.2532414       -24.67386
       781.8374        805.5018
              0               0               1       -1048.718
   8.247867e-07    -3.30213e-05       0.0391177        15.64755
  -9.072093e-07   -0.0001401321       0.1478468       -30.28654
      -1048.718       -935.8974
              0               0               0       -935.8974
   1.240962e-08   -9.391084e-05      -0.9908396         40.2964
   3.156029e-06    0.0006942793      -0.1349485       -14.33675
       648.2331        667.8482
              0               0               1       -1048.718
   6.431486e-07   -1.365798e-05     0.008077716        38.63533
  -9.280948e-07   -7.303045e-05       0.1116769       -24.67386
      -1048.718       -935.8974
