              0               0               0       -1161.538
   2.286199e-06   -0.0005463099      -0.8584573        139.6118
   1.017019e-06    0.0006570912      -0.5085464        12.65742
       817.3477        845.4891
              0               0               1       -1161.538
   1.633373e-07   -2.666604e-05     -0.07735826        115.0719
  -3.357219e-08    0.0001218332     -0.03106787       -1.110737
      -1161.538       -1048.718
              0               0               0       -1048.718
   2.956857e-06   -0.0005277674      -0.9142466        128.1309
   1.796647e-06    0.0008204087      -0.3999554        5.868168
       687.1798        710.8442
              0               0               1       -1161.538
   3.687244e-07   -8.851038e-05     -0.09646983        139.6118
   3.994772e-07    3.337097e-05     -0.06902715        12.65742
      -1161.538       -1048.718
