              0               0               0           -5000
   6.894311e-07   -0.0001386843      -0.9925952        45.18293
   4.907618e-06     0.001027096      -0.1204402       -4.682867
       457.7993        472.5499
              0               0               1           -5000
  -2.607709e-08    1.680484e-05      0.00121614        30.51354
   6.386637e-08   -4.062395e-05    -0.002939891       -6.220211
          -5000       -4730.769
              0               0               0       -4730.769
   1.625436e-06   -0.0001707415      -0.9916424        47.32711
  -1.923422e-06     0.001177646      -0.1276306       -6.973117
       492.6444        508.5175
              0               0               1           -5000
  -5.454057e-08    3.488733e-05     0.002524741        45.18293
   5.926061e-08   -3.747714e-05    -0.002712162       -4.682867
          -5000       -4730.769
