              0               0               0        4711.538
  -5.096447e-08    0.0001209436       0.9775006         180.377
   1.531609e-06    0.0005506144      -0.2109759        46.30446
       290.4733        306.6107
              0               0               1        4711.538
   1.375438e-11   -7.111654e-08     -0.04616399        196.1826
   6.445456e-10   -1.574929e-06    0.0001282755        43.04969
       4711.538            5000
              0               0               0            5000
  -2.589396e-07    0.0001273066       0.9789898        168.2131
   5.337758e-07    0.0006078117      -0.2039201        45.87904
       268.8047        283.7383
              0               0               1        4711.538
     5.6701e-11   -6.468653e-08     -0.04215419         180.377
    9.01968e-10   -1.450703e-06    -0.001131375        46.30446
       4711.538            5000
