              0               0               0        3923.077
   7.750497e-07   -9.699459e-06       0.9665509        157.2696
   2.918542e-06    -3.64812e-05      -0.2564738        60.94191
       291.4548        310.8851
              0               0               1        3923.077
  -4.894722e-09     1.92762e-06     -0.03496839         176.052
   2.287587e-09   -8.980709e-07    -0.002992507        55.96618
       3923.077        4192.308
              0               0               0        4192.308
   9.380156e-07     -9.0443e-06       0.9687333        148.9396
   3.655057e-06   -3.495828e-05      -0.2481074        59.67263
       274.6775        292.9893
              0               0               1        3923.077
  -4.379698e-09    1.992216e-06     -0.03115874        157.2696
   2.459741e-09   -7.146685e-07    -0.004700354        60.94191
       3923.077        4192.308
