              0               0               0        2038.462
   5.439757e-07   -6.858682e-06       0.9255125         217.423
   1.322508e-06   -1.635818e-05      -0.3787209        48.51665
       409.8917        437.2179
              0               0               1        2038.462
   2.289691e-08   -1.427179e-05      -0.0342628        242.7197
  -1.014681e-09   -2.018507e-05      0.03465129        38.18245
       2038.462        2307.692
              0               0               0        2307.692
   5.699213e-07    -6.31032e-06       0.9394611        208.2895
   1.571642e-06    -1.76484e-05      -0.3426504        54.98934
       392.9702        419.1683
              0               0               1        2038.462
   2.094587e-08   -1.193504e-05      -0.0322296         217.423
  -4.687578e-11   -1.845543e-05      0.02901358        48.51665
       2038.462        2307.692
