              0               0               0       -3269.231
   3.482199e-07   -0.0001666033       -0.979005         81.6464
  -3.681214e-06     0.001024817      -0.2067088       -14.55067
       660.1141        682.0932
              0               0               1       -3269.231
   -1.66742e-09    2.285891e-06      0.00951951        60.05196
  -3.819355e-09    3.549949e-06    -0.007181896       -18.63796
      -3269.231       -2980.769
              0               0               0       -2980.769
   5.152665e-07   -0.0001800606      -0.9761233        85.66873
  -3.655345e-06    0.0009966194      -0.2197352       -15.90178
       696.4682         719.652
              0               0               1       -3269.231
  -2.119218e-09    2.339251e-06      0.01344561         81.6464
  -2.637393e-09    3.706074e-06    -0.005533446       -14.55067
      -3269.231       -2980.769
