              0               0               0        2846.154
   3.398047e-07    1.410367e-05      -0.9999154        92.66953
  -7.569657e-06     0.001193189     0.009028679       -33.92481
      -262.9571       -239.0519
              0               0               1        2846.154
   3.134182e-09   -4.268115e-06     -0.00455819        68.77906
   1.103307e-08   -4.356047e-06      0.01360703       -33.13053
       2846.154        3115.385
              0               0               0        3115.385
   4.975884e-07   -4.100966e-06      -0.9999389        90.08108
  -5.235756e-06     0.001134669    -0.006695555       -29.94202
      -250.6083       -227.8258
              0               0               1        2846.154
   2.758509e-09   -4.229614e-06    -0.008675459        92.66953
   1.380166e-08    -5.53907e-06      0.01528408       -33.92481
       2846.154        3115.385
