              0               0               0           -5000
   0.0003593616     -0.00401785       0.8806036        102.3175
  -0.0002750581     0.001200279      -0.3936157        40.20195
       339.7517        354.5235
              0               0               1           -5000
  -1.923085e-07    0.0001210469     0.008759974        115.6073
  -3.077325e-08    1.957623e-05     0.001416701        33.76284
          -5000       -4730.769
              0               0               0       -4730.769
   0.0002792859    -0.003096647       0.8884877        108.5239
  -0.0002659609     0.001686952      -0.3837706        41.70525
       365.6134        381.5096
              0               0               1           -5000
  -1.573504e-07    0.0001008722      0.00729996        102.3175
  -3.557784e-08    2.389513e-05     0.001729253        40.20195
          -5000       -4730.769
