              0               0               0       -935.8974
   1.890454e-06   -0.0001923823       0.9639698       -175.3189
   -7.32344e-06    0.0007023342       0.2657021         27.7039
       117.9149        137.5674
              0               0               1       -935.8974
  -2.547917e-06    0.0005650845       0.4471735       -156.4345
   4.487504e-06   -8.274691e-06       0.1372919        33.14128
      -935.8974       -823.0769
              0               0               0       -823.0769
   2.360611e-06   -7.632063e-05       0.9659482       -117.4593
  -8.777539e-06    0.0002862264       0.2586189        50.91231
       93.28752        108.8354
              0               0               1       -935.8974
  -2.773289e-06    0.0006281192        0.477282       -175.3189
   3.939474e-06   -7.375294e-05       0.1638883         27.7039
      -935.8974       -823.0769
