              0               0               0       -153.8462
  -5.290219e-05    -0.003014471       -0.164894        126.9176
   1.595961e-05    0.0007125985      -0.9884545        14.10354
       347.7696        361.1503
              0               0               1       -153.8462
  -5.083057e-07    0.0001143376   -0.0009328725        124.0447
   9.826665e-07   -0.0002961341      0.01816103        1.043156
      -153.8462               0
              0               0               0               0
  -6.152613e-06    -0.004276617      -0.1347281        127.4046
   1.295536e-05    0.0006404483       -0.991545        13.77561
        354.519        368.1556
              0               0               1       -153.8462
  -4.871644e-07    0.0001143466    -0.002895579        126.9176
   8.522244e-07   -0.0002641915       0.0183423        14.10354
      -153.8462               0
