              0               0               0       -153.8462
  -9.721117e-06     0.001374274       0.9493298       -12.83023
  -2.763957e-05    -0.004013026       0.3154569        127.4793
       133.7556        147.1311
              0               0               1       -153.8462
  -1.359807e-07    6.016012e-05     -0.01220545      0.09018243
  -1.240462e-06    0.0003112259   -0.0002412123        130.9146
      -153.8462               0
              0               0               0               0
  -1.585265e-05     0.001452066       0.9514727       -14.06222
   1.368524e-05     -0.00469629       0.3079801        130.3659
        136.353        149.9883
              0               0               1       -153.8462
   4.038654e-08    1.384682e-05     -0.01109406       -12.83023
  -1.355307e-06    0.0003524246    -0.003377887        127.4793
      -153.8462               0
