              0               0               0           -1500
  -2.099871e-09    3.110352e-06      -0.9986569       -199.1652
   3.591808e-08   -5.702684e-05     -0.05185792       -79.17741
       1205.714        1235.091
              0               0               1           -1500
  -2.690668e-07    3.953581e-05    -0.001336085       -228.5006
  -2.974812e-06    0.0001017755      -0.0722508       -80.74917
          -1500       -1387.179
              0               0               0       -1387.179
    5.35957e-08    2.485944e-06      -0.9959119       -199.1391
  -5.767594e-07   -2.658336e-05     -0.09034357       -89.17211
       1221.815        1251.335
              0               0               1           -1500
   9.365145e-08    9.129218e-06    -0.001990765       -199.1652
  -2.667175e-06    9.219845e-05     -0.06504225       -79.17741
          -1500       -1387.179
