              0               0               0        1826.923
  -2.043311e-09    1.395638e-06       -0.999724        264.2169
   5.355593e-08   -5.732139e-05     -0.02345721         -57.302
      -478.6088       -450.4553
              0               0               1        1826.923
   8.713544e-08   -7.351079e-05    -0.003534333        236.0723
  -2.088787e-07    0.0001173024      0.03448833       -58.00664
       1826.923        2115.385
              0               0               0        2115.385
   2.063074e-09     4.32206e-06      -0.9970884        257.9093
   -3.92125e-08   -5.567329e-05     -0.07624868       -41.21386
       -458.381       -431.4175
              0               0               1        1826.923
   1.025438e-07    -8.43046e-05    -0.006080309        264.2169
  -2.274545e-07    0.0001265796      0.03818537         -57.302
       1826.923        2115.385
