              0               0               0        3269.231
   1.961609e-07    7.246742e-05       0.9647807         219.892
   8.693702e-07     0.000266467      -0.2630288        50.18916
       376.9925        399.1686
              0               0               1        3269.231
  -5.298025e-10    1.268718e-06     -0.04254098        241.3248
   8.766589e-09    -8.11254e-06     0.005874744        44.49675
       3269.231        3557.692
              0               0               0        3557.692
   4.465848e-07    6.940052e-05       0.9669697        208.8411
   1.939179e-06    0.0002631493      -0.2548793        50.93629
       356.3704        377.3334
              0               0               1        3269.231
  -6.087142e-10    1.641861e-06     -0.03873297         219.892
   8.646526e-09   -7.042771e-06     0.003902133        50.18916
       3269.231        3557.692
