              0               0               0       -4134.615
  -6.035979e-07   -9.048411e-05       0.9825466       -200.3442
   3.522136e-06    0.0004112336       0.1867935         38.9231
       91.96839        110.3621
              0               0               1       -4134.615
   2.734774e-09   -1.184152e-06     -0.04639188       -182.3059
  -4.794728e-09    5.235937e-07    -0.001442895        42.51997
      -4134.615       -3846.154
              0               0               0       -3846.154
  -4.944338e-07   -9.747516e-05       0.9808148       -214.8951
   2.541819e-06    0.0004381645       0.1955661         38.0136
       97.95524        117.5463
              0               0               1       -4134.615
   2.149365e-09   -8.855767e-07     -0.05036668       -200.3442
  -3.570184e-09   -2.120037e-07    -0.002794695         38.9231
      -4134.615       -3846.154
