              0               0               0       -3557.692
   7.231898e-07    1.349885e-05       0.9643294       -128.5174
  -2.562307e-06   -5.058334e-05       0.2646863        61.94459
       207.9969        228.7966
              0               0               1       -3557.692
  -8.208511e-10   -7.772107e-07     -0.02636504       -108.4473
   2.279421e-09   -2.507111e-06     0.002927104        67.40504
      -3557.692       -3269.231
              0               0               0       -3269.231
   5.962523e-07    1.012684e-05       0.9622128       -137.3253
  -2.024777e-06   -3.722721e-05       0.2722785         62.1426
       220.0874        242.0962
              0               0               1       -3557.692
  -6.804985e-10   -6.563871e-07      -0.0302882       -128.5174
   1.218407e-09   -2.730211e-06     0.001372628        61.94459
      -3557.692       -3269.231
