              0               0               0       -461.5385
   1.829309e-05    -0.001303547      -0.9673913        46.45669
  -5.408909e-06     0.004910041      -0.2535652       -90.49489
       528.7561        543.0562
              0               0               1       -461.5385
   3.215095e-06   -0.0006081413      -0.1124994        32.40982
  -1.376359e-06    0.0004291803      0.03245051       -93.13265
      -461.5385       -307.6923
              0               0               0       -307.6923
   1.435164e-05    -0.000294077      -0.9977964        26.22749
   2.126256e-05     0.004154223     -0.06698763       -82.91795
       511.5427        525.3668
              0               0               1       -461.5385
   3.279056e-06    -0.000642945       -0.110186        46.45669
  -9.783591e-07    0.0003487441      0.01875361       -90.49489
      -461.5385       -307.6923
