              0               0               0        307.6923
   7.421753e-07     0.002592331      -0.8440784       -38.70836
  -1.855629e-05     0.004020285       0.5355884       -63.56135
      -108.6128       -95.03621
              0               0               1        307.6923
   1.180298e-06   -0.0003048313     -0.03509505       -49.68839
   5.953123e-07   -7.039755e-05     -0.02310858       -55.59529
       307.6923        461.5385
              0               0               0        461.5385
   1.929184e-05     0.002846155      -0.7801974       -46.67993
  -2.400995e-06     0.003578462       0.6256988       -69.18435
      -123.8508       -108.3695
              0               0               1        307.6923
   1.072099e-06   -0.0002900381     -0.03256911       -38.70836
    9.22239e-07   -0.0001638437      -0.0331709       -63.56135
       307.6923        461.5385
