              0               0               0        307.6923
   1.630197e-05     -0.00157955      -0.9490907        52.58357
   1.762207e-05     0.004453094       -0.314902       -75.03747
       -203.649       -190.0724
              0               0               1        307.6923
  -3.790252e-07    5.236243e-05     0.009598482         39.4478
   1.606748e-06    -0.000370045     -0.05561133       -78.44786
       307.6923        461.5385
              0               0               0        461.5385
   2.131212e-05    -0.002009325      -0.9311481        55.60161
  -6.627555e-06     0.005032727      -0.3627113       -85.47756
      -232.2203       -216.7389
              0               0               1        307.6923
  -6.389976e-07    0.0001144739      0.01713007        52.58357
   1.506978e-06   -0.0003352694     -0.05194881       -75.03747
       307.6923        461.5385
