              0               0               0            1500
  -9.120798e-08   -1.094703e-05      -0.9976753        472.7539
   -6.14614e-06    0.0001582165      0.06119289       -98.68432
      -707.7778        -678.287
              0               0               1            1500
   3.283431e-07    -0.000242081       0.0122801        443.3199
  -3.079591e-07    0.0001099217       0.1285542       -96.89973
           1500        1769.231
              0               0               0        1769.231
   3.527909e-07   -1.964244e-05      -0.9995015        463.8716
  -6.635135e-06    0.0001653427     -0.01603024       -59.85751
      -681.3957       -653.0042
              0               0               1            1500
   3.509666e-07   -0.0002574846      0.01089126        472.7539
  -3.200939e-07    0.0001116325        0.137361       -98.68432
           1500        1769.231
