              0               0               0        1161.538
   2.875715e-06    0.0001549323       0.9035461        321.0268
   7.577752e-06      0.00030864      -0.4287401       -33.69496
       528.5425        554.9696
              0               0               1        1161.538
  -1.041083e-05    0.0003520967        0.517672        345.0662
   2.016365e-05    -0.001739359      -0.5354025       -44.66992
       1161.538        1274.359
              0               0               0        1274.359
   3.032106e-06    0.0001241227       0.8547799        366.7482
   5.816714e-06    0.0001944155      -0.5191982       -82.77905
       609.5646        640.0428
              0               0               1        1161.538
  -1.008746e-05    0.0003630474       0.4926971        321.0268
   1.840242e-05    -0.001568422       -0.492348       -33.69496
       1161.538        1274.359
