              0               0               0       -711.5385
   -1.39702e-06    -0.002106788       0.8534898        82.32119
   2.069561e-05    -0.003533028       -0.521147         96.6351
       240.4941        253.8549
              0               0               1       -711.5385
  -8.872111e-06    6.177445e-05       0.1225102        93.34506
   7.977174e-06   -0.0008689997        0.197015        89.09085
      -711.5385       -634.6154
              0               0               0       -634.6154
  -2.086112e-05    -0.002706293       0.7664037        89.13488
  -2.734665e-06    -0.003256473      -0.6422652         112.177
       247.2123        260.9463
              0               0               1       -711.5385
  -9.749398e-06   -2.004056e-05       0.1478083        82.32119
   6.632145e-06   -0.0008658735       0.2294067         96.6351
      -711.5385       -634.6154
