              0               0               0        4423.077
  -1.587082e-05    0.0005295571      -0.9732333       -45.57055
   1.764645e-05     0.001307583       0.2194706       -3.744543
      -69.27518       -51.95639
              0               0               1        4423.077
  -5.059497e-09    2.440341e-06       0.0204914       -62.34938
  -2.125996e-09    3.055269e-06     0.003790849       0.5402881
       4423.077        4711.538
              0               0               0        4711.538
  -2.243295e-05    0.0006053384      -0.9743484       -40.72468
   1.110065e-05     0.001518955       0.2136631       -2.045367
      -64.43448       -48.32586
              0               0               1        4423.077
  -4.609096e-09    2.079272e-06      0.01658272       -45.57055
  -3.031534e-09    3.642919e-06     0.005091887       -3.744543
       4423.077        4711.538
