              0               0               0           -1250
   2.343528e-07    0.0005562032       0.8608768       -125.8042
  -2.502063e-06   -0.0009301499       0.5087501        52.89679
       397.5381         428.118
              0               0               1           -1250
   3.785094e-06    0.0007006303      0.08033741       -98.95193
   1.631258e-06    0.0002569301    0.0009378802        67.51293
          -1250       -1173.077
              0               0               0       -1173.077
   6.553021e-07    0.0005248906       0.8799198       -112.6019
   -3.69564e-06   -0.0009599359       0.4750071        57.09465
       373.0546        401.7511
              0               0               1           -1250
   4.027571e-06    0.0007501794       0.0900926       -125.8042
   2.116038e-06    0.0003996054      0.01131245        52.89679
          -1250       -1173.077
