              0               0               0        3653.846
  -4.442915e-07   -1.282399e-05       -0.983533        186.3467
   2.559134e-06    6.879708e-05      -0.1807408        -14.0023
       -329.444       -308.8538
              0               0               1        3653.846
   1.155554e-08   -1.177123e-05     -0.02695474        166.0862
  -8.976504e-08    8.929439e-05   -0.0007946756       -17.67229
       3653.846        3923.077
              0               0               0        3923.077
  -5.424391e-07   -7.886265e-06      -0.9816894        177.3049
   2.949903e-06    3.918276e-05      -0.1905026       -9.496259
       -311.243       -291.7903
              0               0               1        3653.846
   1.349525e-08   -1.345326e-05     -0.03094003        186.3467
  -9.480812e-08    9.347235e-05    -0.001556727        -14.0023
       3653.846        3923.077
