              0               0               0       -3653.846
   5.568125e-05     -0.00324389       -0.898222        135.6036
   1.553293e-05    0.0008596531       -0.360076        3.981213
       550.6132        571.0724
              0               0               1       -3653.846
   1.895248e-08   -8.683481e-06      0.02088803        116.3458
  -2.592243e-08    1.439302e-05    -0.002857903       -2.892786
      -3653.846       -3384.615
              0               0               0       -3384.615
   5.100189e-05    -0.003133584      -0.8962058        141.9181
   1.346195e-05    0.0008904057      -0.3651025        4.178904
       581.2895        602.7876
              0               0               1       -3653.846
   2.136524e-08   -9.814589e-06      0.02454754        135.6036
  -1.825938e-08    1.061321e-05   -0.0007995865        3.981213
      -3653.846       -3384.615
