              0               0               0       -2403.846
  -2.963996e-07    0.0003187972       0.9668213       -91.91269
  -4.464392e-06    -0.001188358       0.2552936         80.8873
       333.2649        358.9007
              0               0               1       -2403.846
  -1.787407e-08   -1.643662e-06     -0.01970772       -66.92297
  -1.365067e-08   -5.020872e-06    0.0008826565        86.57576
      -2403.846       -2115.385
              0               0               0       -2115.385
  -1.346663e-07    0.0003512373       0.9569126       -99.11131
  -4.652202e-06    -0.001133297       0.2903265         79.1981
       348.9689        375.8126
              0               0               1       -2403.846
  -1.840356e-08   -8.720538e-07     -0.02317231       -91.91269
  -1.849572e-08   -6.076394e-06    -0.002564074         80.8873
      -2403.846       -2115.385
