              0               0               0       -153.8462
  -1.071619e-05    0.0002688772       0.9976362        13.34336
  -2.447931e-05    -0.003989443       0.0713973        132.6509
       160.5067        173.8822
              0               0               1       -153.8462
  -4.234699e-07    0.0001311778     -0.01293951        26.70976
  -1.073716e-06    0.0002442286     0.005324296        132.8336
      -153.8462               0
              0               0               0               0
  -1.603909e-05    0.0003373845        0.997787        12.65468
  -4.513058e-06    -0.004666923      0.06750554        135.4821
       163.6236        177.2589
              0               0               1       -153.8462
  -2.852351e-07    9.795375e-05     -0.01279509        13.34336
  -1.186825e-06    0.0002851258     0.002628215        132.6509
      -153.8462               0
