              0               0               0       -3115.385
  -6.315651e-07    0.0002904824       0.9786638       -76.47346
   -6.88571e-06    -0.001338158       0.2056103        79.67883
       294.5257        317.1816
              0               0               1       -3115.385
   -6.49916e-09    6.853317e-07     -0.01641781       -54.15927
  -3.650588e-10   -3.620734e-06     0.007168177        83.57017
      -3115.385       -2846.154
              0               0               0       -2846.154
  -2.860528e-07    0.0002880177       0.9755531       -82.01672
  -7.361286e-06    -0.001234643       0.2198999        80.79807
        309.172        332.9545
              0               0               1       -3115.385
  -6.607096e-09    9.905786e-07     -0.02037701       -76.47346
   2.166723e-09   -6.125559e-06     0.005649306        79.67883
      -3115.385       -2846.154
