              0               0               0        153.8462
  -1.797491e-05    0.0009887599       0.9823245       -1.243617
   1.774923e-05    -0.005143452       0.1844206        131.5151
       147.4413        160.8451
              0               0               1        153.8462
  -2.149916e-07    4.842594e-05   -0.0006422776        12.05758
   5.790302e-07    0.0001053503     -0.01811073        133.1057
       153.8462        307.6923
              0               0               0        307.6923
  -1.164302e-05    0.0008006911       0.9832504       -1.143189
  -1.066962e-05     -0.00444821       0.1853457        133.2517
       149.3164        162.8907
              0               0               1        153.8462
  -9.677833e-08    2.175388e-05   -0.0004033525       -1.243617
   5.979954e-07    9.715336e-05     -0.01781215        131.5151
       153.8462        307.6923
