              0               0               0       -484.6154
  -5.194635e-05     0.004951561     -0.06184665       -76.53617
  -1.655346e-05    0.0003211404       0.9983627      -0.6565013
       667.1099        682.8772
              0               0               1       -484.6154
   3.823565e-06   -0.0006784664     -0.04616792       -76.48395
   2.456559e-06   -0.0006711426     -0.02359697        15.09987
      -484.6154       -369.2308
              0               0               0       -369.2308
    7.69409e-05     0.003772731      -0.2262349       -82.70024
   -1.39167e-05    0.0009866971       0.9756452       -7.355324
       662.1922        676.9523
              0               0               1       -484.6154
   3.252317e-06   -0.0005062521     -0.03830836       -76.53617
   2.290975e-06   -0.0005798935     -0.02164682      -0.6565013
      -484.6154       -369.2308
