              0               0               0           -1500
  -2.569056e-05    0.0003777386        1.002736         142.385
   1.687843e-05    -0.001205693      -0.1075909        100.9187
       647.3928        676.8198
              0               0               1           -1500
  -2.847194e-06    0.0002464273      0.04201597        171.5649
   2.631363e-06   -0.0001337714      0.03410932         97.1387
          -1500       -1387.179
              0               0               0       -1387.179
  -7.304414e-06    6.688553e-05       0.9996644        145.5199
   3.407047e-05    -0.001525938     -0.08272253        105.9964
       659.5609        689.5409
              0               0               1           -1500
  -3.001797e-06    0.0002531257      0.03743708         142.385
   2.224755e-06   -0.0001133768      0.02948025        100.9187
          -1500       -1387.179
