              0               0               0       -557.6923
   2.094926e-05     0.003912523       0.3154698       -70.92617
  -2.286448e-05    -0.001325004       0.9497415        79.36035
       71.38679        85.66415
              0               0               1       -557.6923
  -2.385941e-06    0.0008827692     -0.07852008       -65.56358
  -6.065339e-06     0.001863095      -0.1121131        92.58352
      -557.6923       -461.5385
              0               0               0       -461.5385
  -1.072473e-05     0.004626563       0.3123553       -72.44834
   -1.27238e-05    -0.001513906        0.950077        80.40981
       71.43098        85.71717
              0               0               1       -557.6923
  -1.369988e-06     0.000492815     -0.05055039       -70.92617
  -6.742566e-06     0.002127738      -0.1313371        79.36035
      -557.6923       -461.5385
