              0               0               0       -2115.385
  -1.346663e-07    0.0003512373       0.9569126       -99.11131
  -4.652202e-06    -0.001133297       0.2903265         79.1981
       348.9689        375.8126
              0               0               1       -2115.385
    6.68373e-08   -1.711161e-05      -0.0251179       -73.17368
   2.551221e-08   -1.683396e-05    -0.005421621        86.08493
      -2115.385       -1826.923
              0               0               0       -1826.923
  -2.977394e-07    0.0004074003        0.941068       -106.9357
  -2.948044e-06    -0.001114208       0.3380646        75.19553
       364.4606        392.4961
              0               0               1       -2115.385
   7.199354e-08   -1.679821e-05     -0.02826951       -99.11131
   3.822997e-08   -2.208231e-05     -0.01068678         79.1981
      -2115.385       -1826.923
