              0               0               0        369.2308
   0.0001001102    0.0007979776     0.002079989       -89.13862
   -5.84947e-06   -5.768213e-05        1.000997        27.52216
              0        13.64012
              0               0               1        369.2308
  -1.259584e-06    0.0002828224      0.01547873       -88.70772
  -5.845409e-06     0.001115495       0.0834105        41.15031
       369.2308        484.6154
              0               0               0        484.6154
   -5.32694e-05     0.006461976    -0.009271801        -85.9534
  -1.848536e-05    6.813586e-05       0.9995481        43.62399
              0        13.05768
              0               0               1        369.2308
  -8.763316e-07    0.0001911541      0.01721609       -89.13862
  -6.632468e-06     0.001215976      0.08754634        27.52216
       369.2308        484.6154
