              0               0               0        2307.692
  -1.172059e-06   -7.210171e-05       0.9986632        56.51898
    3.85587e-07    -0.001393535     -0.05068423        93.00896
       235.7821        261.9802
              0               0               1        2307.692
  -6.730088e-09    7.862248e-06     -0.01825365        82.61141
   2.447472e-09    -5.89378e-06    -0.002352733        90.73164
       2307.692        2576.923
              0               0               0        2576.923
  -1.326077e-06   -3.086274e-05       0.9996908         53.1109
   2.265685e-07    -0.001457783     -0.02165475        91.17455
       225.6541        250.7268
              0               0               1        2307.692
   -6.57574e-09    7.979152e-06     -0.01433014        56.51898
   8.520801e-10    -3.11703e-06    -0.006036097        93.00896
       2307.692        2576.923
