              0               0               0       -1048.718
   1.680127e-06   -9.449933e-06       0.9068511       -139.5861
  -3.674341e-06    2.120552e-05       0.4214486        41.19323
       237.0089        260.7098
              0               0               1       -1048.718
   2.376549e-06   -0.0004911785       0.3478869       -118.0759
   3.444088e-06    -0.001026329       0.1273788        51.14493
      -1048.718       -935.8974
              0               0               0       -935.8974
   1.303095e-06   -3.103919e-05       0.9484043       -100.3026
  -3.908631e-06    9.462853e-05       0.3170176        51.16103
       196.5249        216.1774
              0               0               1       -1048.718
   2.573878e-06   -0.0004984489        0.371668       -139.5861
   3.645136e-06    -0.001116811       0.1679532        41.19323
      -1048.718       -935.8974
