              0               0               0       -1048.718
    1.41971e-06   -0.0002021597       0.9242843       -226.1381
  -3.713666e-06    0.0004932666       0.3815575        2.530294
       142.2053        165.9062
              0               0               1       -1048.718
   3.227098e-06    -0.000527164       0.4428953       -204.3264
     4.0009e-06    -0.001362426        0.291935        11.80119
      -1048.718       -935.8974
              0               0               0       -935.8974
   1.890454e-06   -0.0001923823       0.9639698       -175.3189
   -7.32344e-06    0.0007023342       0.2657021         27.7039
       117.9149        137.5674
              0               0               1       -1048.718
   3.458801e-06   -0.0005425519       0.4676282       -226.1381
   4.000527e-06    -0.001427777       0.3332917        2.530294
      -1048.718       -935.8974
