              0               0               0        2403.846
      2.979e-07      8.4579e-05      -0.9920905        44.37155
  -3.461234e-07    0.0006828692       0.1253323       -37.01098
      -231.8015       -206.0458
              0               0               1        2403.846
  -3.976861e-09   -2.276784e-06     0.006693111        18.88074
  -2.293986e-09    2.380335e-06     0.009364699       -33.33588
       2403.846        2692.308
              0               0               0        2692.308
   2.788543e-07    6.898923e-05      -0.9951073         44.9094
  -5.020235e-07    0.0007018006      0.09875072       -33.33122
      -220.9381       -196.3894
              0               0               1        2403.846
  -3.044436e-09     -3.1432e-06     0.003024573        44.37155
  -3.277798e-09    1.507725e-06       0.0125943       -37.01098
       2403.846        2692.308
