              0               0               0       -1274.359
   8.775931e-07   -0.0003544295      -0.8613276        119.7127
  -1.865021e-06     0.000663897      -0.5090949       0.4891824
       916.2224        946.7217
              0               0               1       -1274.359
   2.570981e-06   -0.0008303902      0.03261746        93.13802
   1.851533e-06   -0.0004192091      0.02995923        -14.4732
      -1274.359       -1161.538
              0               0               0       -1161.538
    8.45302e-07   -0.0003532995      -0.8837735        115.0719
  -2.036689e-06    0.0007429522      -0.4691473       -1.110737
       845.4891        873.6305
              0               0               1       -1274.359
   2.609561e-06   -0.0009099022      0.02830584        119.7127
   2.406579e-06   -0.0006927011      0.03333773       0.4891824
      -1274.359       -1161.538
