              0               0               0       -1173.077
  -6.552857e-08   -0.0001542771       0.8736335       -308.4671
   2.438983e-07    0.0002597637       0.4868107       -62.55776
       143.4825         172.179
              0               0               1       -1173.077
  -1.548366e-05      0.00229785       0.4007244       -283.5254
   -2.27126e-05     0.002665736       0.4113721       -48.36832
      -1173.077       -1096.154
              0               0               0       -1096.154
  -9.957723e-07   -0.0001178188       0.9158894       -269.2887
   2.442378e-06    0.0002410792       0.4017993       -21.67434
       126.8132        152.1759
              0               0               1       -1173.077
  -1.594606e-05     0.002389657       0.4198542       -308.4671
  -2.496649e-05     0.002928151       0.4539727       -62.55776
      -1173.077       -1096.154
