              0               0               0        484.6154
   -5.32694e-05     0.006461976    -0.009271801        -85.9534
  -1.848536e-05    6.813586e-05       0.9995481        43.62399
              0        13.05768
              0               0               1        484.6154
  -5.318559e-07   -0.0001531875      0.03043661       -85.09128
  -3.117881e-07   -0.0009079156        0.107362        56.64623
       484.6154        597.4359
              0               0               0        597.4359
  -3.598361e-05     0.006093353     -0.01547639       -85.28824
  -1.946016e-05    0.0001027756        0.999872        42.50893
              0        14.28338
              0               0               1        484.6154
   -6.10747e-07   -0.0001121915      0.02632716        -85.9534
   6.834357e-07    -0.001079879       0.1032499        43.62399
       484.6154        597.4359
