              0               0               0       -1538.462
  -4.489606e-07   -0.0001207042         0.90799       -324.3273
    1.05763e-06    0.0002427884       0.4193137       -39.45372
       146.3859        175.6631
              0               0               1       -1538.462
   1.385413e-06   -0.0002183322      -0.0713428       -297.8587
   2.277431e-06   -0.0005111326      -0.1796021       -26.94275
      -1538.462           -1250
              0               0               0           -1250
  -2.579402e-07   -0.0001545804       0.8543024       -329.3243
   4.946459e-07    0.0002398554       0.5200092       -82.75771
       152.8993        183.4791
              0               0               1       -1538.462
   1.435784e-06   -0.0002221311     -0.07271833       -324.3273
   2.504703e-06   -0.0005602735      -0.1969196       -39.45372
      -1538.462           -1250
