              0               0               0        3923.077
  -3.837365e-06       0.0002046       0.9869909        270.7977
   -3.01626e-05     0.001368253      -0.1590512        34.63734
       408.0367         427.467
              0               0               1        3923.077
  -7.857671e-09    1.503622e-06     -0.05827613        290.0243
   1.840491e-09   -2.584113e-06      0.00612877        31.84223
       3923.077        4192.308
              0               0               0        4192.308
  -3.890674e-06     0.000205698       0.9881522        256.1503
  -3.251447e-05      0.00143269      -0.1516727        35.83753
       384.5485        402.8604
              0               0               1        3923.077
  -7.385623e-09    1.538842e-06      -0.0542836        270.7977
   1.580291e-09   -2.295528e-06     0.004961336        34.63734
       3923.077        4192.308
