              0               0               0       -3653.846
  -1.153642e-06    0.0002930873       0.9839499       -66.34787
  -8.551351e-06    -0.001560072       0.1784287        76.50924
       265.0414        285.4291
              0               0               1       -3653.846
  -1.820674e-08    7.052022e-06     -0.01437987       -46.17525
   9.959471e-09   -5.989777e-06     0.008649401        79.42607
      -3653.846       -3384.615
              0               0               0       -3384.615
  -8.008333e-07    0.0002955357       0.9804632       -71.13099
  -8.212879e-06    -0.001406046       0.1968015        78.01132
       279.9126        301.4443
              0               0               1       -3653.846
  -1.917816e-08    7.563829e-06     -0.01841215       -66.34787
   2.223335e-08   -1.177173e-05     0.007136898        76.50924
      -3653.846       -3384.615
