              0               0               0       -307.6923
   2.665853e-06    -0.001723898      -0.9036397         66.1334
   2.942152e-05     0.003622454      -0.4290812       -72.60402
       470.0703        483.8944
              0               0               1       -307.6923
  -2.119493e-06    0.0008059284     -0.07793094        53.31898
  -1.038711e-06     0.000143701      0.03303997       -77.76568
      -307.6923       -153.8462
              0               0               0       -153.8462
   1.540773e-05     -0.00199347      -0.9064613        65.13614
  -4.783512e-06     0.004353177      -0.4222317       -68.18188
       454.8151        468.1958
              0               0               1       -307.6923
   -1.90515e-06     0.000747378     -0.07637106         66.1334
  -1.335302e-06    0.0002621471      0.02001833       -72.60402
      -307.6923       -153.8462
