              0               0               0           -5000
   4.328999e-06    6.516504e-05       0.9747585       -70.26408
  -2.146203e-05    -0.000270338       0.2233665        58.88239
         162.49        177.2618
              0               0               1           -5000
   1.524861e-07    -9.71659e-05    -0.007031743       -55.83695
  -5.739106e-08    3.564217e-05     0.002579367        62.05375
          -5000       -4730.769
              0               0               0       -4730.769
   3.484161e-06    6.863947e-05       0.9734665       -77.30319
  -1.710554e-05    -0.000280398       0.2289326        60.71212
       174.8586        190.7548
              0               0               1           -5000
   1.801293e-07   -0.0001147602    -0.008305015       -70.26408
  -4.947667e-08    3.039372e-05     0.002199546        58.88239
          -5000       -4730.769
