              0               0               0       -3846.154
  -2.590668e-06    0.0002689705      -0.9621452       -274.5716
    -1.0566e-05    0.0009624962       0.2723032        16.65615
       941.5983        961.2427
              0               0               1       -3846.154
  -1.387234e-08    9.010672e-06     -0.06694844       -293.3882
  -5.721756e-08    3.503945e-05      -0.0111894        22.29673
      -3846.154       -3557.692
              0               0               0       -3557.692
  -3.086995e-07    4.947553e-05      -0.9744637       -292.0332
  -2.445531e-06    0.0002248085       0.2245244         15.8659
       998.3926        1019.193
              0               0               1       -3846.154
   -2.44515e-08    1.603258e-05     -0.06312391       -274.5716
   -1.03483e-07    6.746347e-05     -0.01358935        16.65615
      -3846.154       -3557.692
