              0               0               0               0
   2.255303e-05    -0.003082813      -0.7727971        88.60383
  -1.151854e-05     0.003824399      -0.6339747       -56.10292
       436.3385         449.975
              0               0               1               0
   1.955991e-07   -5.240577e-05    -0.005617338        77.54945
  -8.875951e-07    0.0002689787    -0.006112688        -64.0662
              0        153.8462
              0               0               0        153.8462
   2.846274e-07    -0.002734413      -0.7738437        87.02406
   2.469902e-05     0.003342168      -0.6332409       -54.04194
      -241.3516       -227.9431
              0               0               1               0
   2.923901e-07   -8.052824e-05    -0.004800068        88.60383
  -9.264154e-07    0.0002677338    -0.005866424       -56.10292
              0        153.8462
