              0               0               0        597.4359
   1.791083e-05     0.003148172      -0.6943073       -55.04687
  -1.003047e-06     0.003016504       0.7192514       -61.48808
      -111.8461       -97.86531
              0               0               1        597.4359
  -5.011573e-06     0.001402064      0.06079071       -64.08952
   1.021731e-05    -0.001220149    -0.005774957       -50.84553
       597.4359        710.2564
              0               0               0        710.2564
   7.369269e-06     0.002153374      -0.8807246       -35.10127
  -1.632983e-05     0.004080963       0.4730906       -59.44649
      -108.0124       -94.51081
              0               0               1        597.4359
  -6.324561e-06     0.001737947      0.06121639       -55.04687
     9.8547e-06    -0.001064861      0.01279875       -61.48808
       597.4359        710.2564
