              0               0               0        2980.769
   5.979501e-07   -5.207014e-05        0.959179        163.8919
   1.953912e-06   -0.0001717392      -0.2828509        68.43542
       327.3448        350.7266
              0               0               1        2980.769
   3.077262e-09   -3.978565e-07     -0.03169864        186.2984
   6.893857e-10   -6.038479e-06     0.003207192        61.75295
       2980.769        3269.231
              0               0               0        3269.231
   6.989639e-07   -5.283322e-05        0.963051         155.857
   2.467406e-06   -0.0001862711      -0.2693447        68.22988
       310.4644        332.6405
              0               0               1        2980.769
   3.151103e-09   -1.711846e-07     -0.02806711        163.8919
   5.731803e-10   -5.218925e-06    0.0007452247        68.43542
       2980.769        3269.231
