              0               0               0        4711.538
  -4.008093e-06   -2.324838e-05       0.9999797        53.84024
  -4.174988e-06    -0.002256777     -0.01231323        70.53628
        161.374        177.5114
              0               0               1        4711.538
   1.157676e-10    9.348192e-09     -0.01411907        69.95442
   9.612445e-10   -4.878572e-07    -0.009885483        69.73233
       4711.538            5000
              0               0               0            5000
  -5.562936e-06   -4.983834e-06        1.000119        50.96944
  -4.550954e-06    -0.002536371    -0.005776225        67.53029
       149.3359        164.2695
              0               0               1        4711.538
   2.383714e-11   -4.698964e-10    -0.009953947        53.84024
   6.242293e-10   -2.021516e-07     -0.01041441        70.53628
       4711.538            5000
