              0               0               0       -2115.385
   2.913949e-08   -8.135729e-05      -0.9925017       -31.09771
   3.057849e-06    0.0006608703      -0.1222576       -44.17278
       939.0973        965.8976
              0               0               1       -2115.385
  -1.034658e-09     1.16554e-05   -0.0009553254       -57.75496
   5.638529e-08   -1.853936e-05     -0.02458689       -46.91579
      -2115.385       -1826.923
              0               0               0       -1826.923
  -2.108025e-07   -0.0001061864       -0.985047        -29.4216
   3.361758e-06    0.0006069174      -0.1723839       -49.92098
       980.8327        1008.827
              0               0               1       -2115.385
  -7.783028e-09    1.210011e-05     0.002967731       -31.09771
   4.256513e-08   -1.250551e-05     -0.01986156       -44.17278
      -2115.385       -1826.923
