              0               0               0       -484.6154
   1.517416e-05    -0.002596252      -0.8526179         73.7797
   2.603601e-06     0.004257664      -0.5224869       -79.38003
       462.1359        477.9031
              0               0               1       -484.6154
   2.495627e-06   -0.0005623784     -0.01117917        59.75031
    4.50914e-07    0.0001307145      0.01341532       -86.54952
      -484.6154       -369.2308
              0               0               0       -369.2308
    1.28156e-05    -0.002119197      -0.8903365        68.36884
   7.040599e-06     0.004109241      -0.4548944       -76.77221
       470.3104        485.0705
              0               0               1       -484.6154
   2.512162e-06   -0.0006011248     -0.01097958         73.7797
   1.056966e-06   -1.494097e-05      0.01025304       -79.38003
      -484.6154       -369.2308
