              0               0               0        153.8462
   3.367131e-06    -0.003949653      -0.4996556        113.0265
   1.735413e-05     0.002223629      -0.8661946       -23.63885
      -281.5768       -268.1684
              0               0               1        153.8462
    1.49909e-07    7.988007e-05    -0.008589863        105.6249
   6.804314e-07    -0.000176586     0.003840276       -34.81154
       153.8462        307.6923
              0               0               0        307.6923
  -6.105831e-06    -0.003670277       -0.489747        114.0808
    1.79053e-05     0.002109058      -0.8721334       -24.51555
      -285.1086        -271.532
              0               0               1        153.8462
  -5.160701e-08    9.725502e-05    -0.006887647        113.0265
   9.505485e-07   -0.0001830794   -3.070647e-05       -23.63885
       153.8462        307.6923
