              0               0               0       -1826.923
   5.729773e-07   -4.323555e-05       0.9137786       -210.0057
  -1.275735e-06    9.663484e-05       0.4062145        31.07296
       252.3189        280.3543
              0               0               1       -1826.923
  -3.107831e-07    5.652567e-05     -0.02385593       -184.4089
  -3.976734e-07    3.257303e-05     -0.02926255         42.5092
      -1826.923       -1538.462
              0               0               0       -1538.462
   6.478058e-07   -4.634568e-05       0.8807444       -219.8088
  -1.204785e-06     8.58778e-05       0.4735962        13.32423
       263.4946        292.7718
              0               0               1       -1826.923
  -3.154867e-07     6.00068e-05     -0.02504219       -210.0057
  -4.641706e-07    3.989679e-05     -0.03441395        31.07296
      -1826.923       -1538.462
