              0               0               0       -634.6154
   2.554984e-05     0.001272213      -0.9512685       -13.82929
   7.786896e-06     0.004331388       0.3083905       -77.54415
       549.3307        563.0627
              0               0               1       -634.6154
  -1.794174e-05     0.001850327        0.188198       -26.58607
   4.915083e-06    0.0002676828      -0.2510236        -72.4724
      -634.6154       -557.6923
              0               0               0       -557.6923
   1.506145e-05    0.0009184523       -0.986004        4.250205
  -1.349873e-05     0.005410315        0.165363       -91.29751
       566.8485        580.8428
              0               0               1       -634.6154
  -1.858365e-05     0.001933914       0.1962333       -13.82929
   1.929795e-06    0.0006862452      -0.2430007       -77.54415
      -634.6154       -557.6923
