              0               0               0           -1250
   2.190469e-06   -0.0005454137       -0.830387        145.8751
   3.986421e-07     0.000601428      -0.5533066        17.33051
       886.6107        917.1393
              0               0               1           -1250
   9.146063e-09   -0.0003241881     -0.02690167        120.0786
   1.558524e-06   -0.0002901388     -0.01035869        1.010705
          -1250       -1173.077
              0               0               0       -1173.077
   1.973647e-06    -0.000540382      -0.8515246        140.8841
   1.373792e-06    0.0006344707      -0.5201721        13.55397
       831.9932        860.6383
              0               0               1           -1250
  -2.279054e-07   -0.0003621543     -0.03567599        145.8751
   1.117504e-06   -0.0004394163     -0.02190623        17.33051
          -1250       -1173.077
