              0               0               0       -1019.231
   8.105937e-07   -4.069894e-05       0.9186873       -150.2387
  -1.850859e-06    9.324577e-05       0.3949919        36.66802
       203.8946        226.5495
              0               0               1       -1019.231
   -3.41748e-06    0.0005082314       0.3311631       -129.4373
  -1.735896e-06   -0.0002389819      0.09938843        45.64288
      -1019.231       -942.3077
              0               0               0       -942.3077
   1.774611e-06   -9.116601e-05       0.9473167       -121.3228
  -5.179343e-06    0.0002661024       0.3202874        44.65189
       178.9271        198.8078
              0               0               1       -1019.231
   -3.48159e-06    0.0005384256       0.3550903       -150.2387
   -2.26014e-06   -0.0001776327       0.1308279        36.66802
      -1019.231       -942.3077
