              0               0               0       -865.3846
   4.123656e-06   -0.0002231307        0.994896       -208.7193
  -5.743331e-05     0.002814089      0.09177836        27.96316
       34.20454        51.30682
              0               0               1       -865.3846
  -1.435143e-05     0.001547937       0.6537335       -191.7489
  -2.888827e-06     0.000460093       0.2184324        30.06857
      -865.3846       -788.4615
              0               0               0       -788.4615
   3.007421e-05   -0.0006550843        0.932539       -152.2507
  -7.803175e-05     0.001720514       0.3601351        42.95592
       28.87191        43.30786
              0               0               1       -865.3846
  -1.384877e-05     0.001617091       0.6916455       -208.7193
  -1.315124e-06   -7.070735e-05       0.2081267        27.96316
      -865.3846       -788.4615
