              0               0               0       -4730.769
  -3.846787e-07    7.412163e-07      -0.9757499       -94.44338
  -1.801827e-06     6.36856e-06       0.2188605      0.09343383
       635.5021        651.3752
              0               0               1       -4730.769
  -6.239266e-08    3.998525e-05     -0.03962738       -109.9329
  -1.840277e-08    9.133266e-06     -0.01070378        3.561824
      -4730.769       -4461.538
              0               0               0       -4461.538
  -2.596431e-07   -3.965058e-06      -0.9771033       -102.3129
   -1.31231e-06   -1.383051e-05       0.2127238       -2.621859
       680.5082        697.5031
              0               0               1       -4730.769
  -5.458729e-08    3.512911e-05     -0.03473056       -94.44338
  -1.943448e-08    1.005561e-05     -0.01138394      0.09343383
      -4730.769       -4461.538
