              0               0               0        1387.179
   2.283216e-07    0.0002471527      -0.9135502       -24.56559
  -3.688377e-07    0.0005616149       0.4067798       -29.65749
      -209.4787       -179.5532
              0               0               1        1387.179
   5.203635e-07    -0.000166255      0.03970133       -51.67662
  -3.159012e-08    3.744844e-05     -0.02463822       -16.99132
       1387.179            1500
              0               0               0            1500
   2.198363e-07    0.0002191609       -0.930321       -21.32679
  -3.686673e-07     0.000562222       0.3667865       -30.63604
      -206.4352       -176.9444
              0               0               1        1387.179
   3.743384e-07   -0.0001303448      0.03864834       -24.56559
   3.246634e-07   -7.506214e-05    -0.004337431       -29.65749
       1387.179            1500
