              0               0               0        2980.769
  -1.370844e-06    0.0001083114       0.9971535        25.74719
  -2.331179e-06    -0.001364618      0.07532223        86.79559
       187.0542        210.4359
              0               0               1        2980.769
   3.443599e-09    4.468461e-07    -0.008601368        49.10409
   -9.43972e-10   -8.592265e-07    -0.009088517        87.78091
       2980.769        3269.231
              0               0               0        3269.231
  -1.302565e-06    0.0001267535        0.996087        24.60538
  -2.206043e-06    -0.001415921      0.08814993        83.83063
       177.4082        199.5843
              0               0               1        2980.769
   3.552728e-09    4.028116e-07    -0.004370074        25.74719
  -1.450008e-09   -5.162247e-08     -0.01014299        86.79559
       2980.769        3269.231
