              0               0               0        307.6923
    1.42469e-05    0.0008643833       -0.982577       -1.048093
   8.733044e-06     0.004213583       0.1888093       -78.44448
      -149.3426        -135.766
              0               0               1        307.6923
   6.864061e-07   -0.0002095697     -0.02208104       -14.19317
   1.396177e-06   -0.0003074377     -0.04865555       -75.08257
       307.6923        461.5385
              0               0               0        461.5385
   1.561726e-05     0.001082531      -0.9738952       -5.291236
  -6.688902e-06     0.004839331       0.2256028        -89.3884
      -170.2949       -154.8135
              0               0               1        307.6923
   4.318059e-07    -0.000149774     -0.01475854       -1.048093
   1.512058e-06   -0.0003496183     -0.05313642       -78.44448
       307.6923        461.5385
