              0               0               0        1161.538
  -1.638633e-06   -0.0002693961       0.9787561         58.8166
  -1.374082e-06    -0.001295336      -0.2048574        89.46261
       237.8441        264.2712
              0               0               1        1161.538
  -7.166315e-06      0.00046738       0.2597079        84.46392
   1.740696e-06   -0.0001294274     -0.03878163        83.11881
       1161.538        1274.359
              0               0               0        1274.359
  -1.010296e-06   -0.0003586323       0.9519145        80.77134
  -1.430642e-07    -0.001114196      -0.3061974        89.96714
       274.3041        304.7823
              0               0               1        1161.538
  -6.523206e-06    0.0004463265       0.2272745         58.8166
   2.161124e-07    1.164491e-06     0.001589736        89.46261
       1161.538        1274.359
