              0               0               0       -4711.538
   5.062324e-07   -5.285032e-05      -0.9983664        15.60763
    4.00324e-06    0.0009367274     -0.05724217        -10.0768
       527.0454        542.9918
              0               0               1       -4711.538
  -4.151612e-10    1.365168e-06    -0.004360102      -0.3242038
   1.032203e-08    -2.12214e-07     -0.01130743       -10.73518
      -4711.538       -4423.077
              0               0               0       -4423.077
   6.845577e-07   -6.363693e-05      -0.9979222        15.65379
    1.50426e-06    0.0009544204     -0.06467046       -12.94597
       566.8749        584.0274
              0               0               1       -4711.538
  -6.489433e-10    1.424189e-06    -0.000196809        15.60763
   8.862256e-09   -1.707257e-07     -0.01063462        -10.0768
      -4711.538       -4423.077
