              0               0               0       -1274.359
   6.799043e-07   -5.564956e-05       0.8251957        -227.324
  -9.862213e-07    8.086406e-05       0.5648484       -13.58173
       274.9414        305.4904
              0               0               1       -1274.359
  -1.705711e-06     0.001568124      0.02742013       -202.1476
  -2.453821e-06     0.001523914     -0.03443341        3.721194
      -1274.359       -1161.538
              0               0               0       -1161.538
   6.040162e-07    -4.19795e-05       0.8502363       -205.4931
  -9.932362e-07    6.852452e-05       0.5263875       0.8379715
       253.7216        281.9129
              0               0               1       -1274.359
  -1.580824e-06     0.001593378      0.03385669        -227.324
  -2.852625e-06      0.00176591     -0.03511029       -13.58173
      -1274.359       -1161.538
