              0               0               0        788.4615
  -3.845141e-05    -0.001189444      -0.6850435        178.1993
   4.508873e-05     0.001147307       -0.729138        22.95222
      -328.1386       -314.4661
              0               0               1        788.4615
  -9.031787e-06     0.001809394       0.5926176        168.5125
   -6.00467e-06   -0.0004018819       0.1827245        13.31284
       788.4615        865.3846
              0               0               0        865.3846
   2.700995e-06   -7.586455e-05      -0.9500402        235.5929
  -6.821964e-06     0.000202026       -0.311957        27.12365
      -376.1721       -360.4983
              0               0               1        788.4615
  -1.012343e-05     0.001827227       0.6654636        178.1993
  -3.382797e-06   -0.0006682887        0.125652        22.95222
       788.4615        865.3846
