              0               0               0       -2846.154
   4.141473e-07    -0.000143992      -0.9821703        64.41592
   8.364861e-07    0.0007040281      -0.1873782       -21.30861
       737.0461        760.7935
              0               0               1       -2846.154
   2.646385e-09    2.058542e-06     0.006967783        41.01626
   2.615743e-09    -1.52344e-07    -0.007715846       -25.35013
      -2846.154       -2576.923
              0               0               0       -2576.923
   6.256871e-07     -0.00016321      -0.9780782        67.50738
  -4.946788e-07    0.0007203712      -0.2075146       -22.66485
         771.85        796.7182
              0               0               1       -2846.154
   2.337967e-09    1.875083e-06      0.01080828        64.41592
   2.498196e-09    1.294006e-06     -0.00556691       -21.30861
      -2846.154       -2576.923
