              0               0               0       -3384.615
   5.175133e-07   -5.292079e-05      -0.9982037       -5.085357
  -2.218673e-06    0.0008967711     -0.05944877        -25.0553
       731.7759         753.274
              0               0               1       -3384.615
   1.510332e-09     6.66473e-07    -0.006821966       -26.56412
   7.665077e-08   -5.153422e-05    -0.003306344       -25.94092
      -3384.615       -3115.385
              0               0               0       -3115.385
   3.088264e-07   -5.146824e-05      -0.9975251        -5.73261
   1.861154e-07    0.0007477287     -0.07021142       -27.86713
       770.0083         792.632
              0               0               1       -3384.615
  -1.291595e-10    1.670194e-06    -0.002844389       -5.085357
   5.806883e-08   -3.950258e-05    -0.004017745        -25.0553
      -3384.615       -3115.385
