              0               0               0        2980.769
   1.089626e-07    9.953069e-05       0.9646101        253.6394
   1.078947e-06    0.0003589397      -0.2637109        42.12455
       420.8719        444.2537
              0               0               1        2980.769
   2.635036e-09   -1.235566e-06     -0.04633016        276.2495
   6.565176e-10   -9.231013e-06      0.01293191        36.16855
       2980.769        3269.231
              0               0               0        3269.231
   5.381411e-07    8.551764e-05       0.9682842        241.3248
   3.000991e-06    0.0003243045      -0.2499278        44.49675
       399.1686        421.3446
              0               0               1        2980.769
   2.601759e-09   -9.828045e-07     -0.04262346        253.6394
   1.048023e-10   -8.203234e-06      0.01058122        42.12455
       2980.769        3269.231
