              0               0               0        4711.538
  -1.732753e-07    0.0003234728       0.9723782       -10.05666
  -9.124909e-06    -0.001248072       0.2328961        62.64961
       96.82442        112.9618
              0               0               1        4711.538
    1.98207e-10   -6.474524e-08     0.002615651        5.718506
  -3.310315e-09   -1.798046e-07     -0.01013364        66.04458
       4711.538            5000
              0               0               0            5000
  -3.187012e-06    0.0004232673       0.9710473       -8.112614
   3.417294e-06    -0.001650075        0.238204        59.82636
       89.60156        104.5352
              0               0               1        4711.538
   2.040124e-10   -1.578415e-07     0.006767925       -10.05666
  -3.439194e-09    1.748809e-07    -0.009551525        62.64961
       4711.538            5000
