              0               0               0        942.3077
   1.608979e-05   -0.0003833243       0.9653959       -89.78639
   1.478468e-05    -0.001896227       0.2963354        56.37916
       55.48356        73.97808
              0               0               1        942.3077
   1.094745e-06   -5.981621e-05     -0.02372392       -71.96119
  -7.113279e-06      0.00101206       0.1508183        61.30466
       942.3077        1019.231
              0               0               0        1019.231
   1.112559e-05    -0.000332364        0.979295       -94.40596
   1.085167e-05    -0.001675554       0.2422938        71.16108
       63.74238        84.98984
              0               0               1        942.3077
   7.982698e-07    -1.12392e-05     -0.06391332       -89.78639
  -6.135797e-06    0.0008996085       0.1592709        56.37916
       942.3077        1019.231
