              0               0               0        1048.718
  -6.003262e-07    0.0001457636      -0.9940164        65.20435
  -8.848922e-06     0.001262816       0.1090498       -32.86149
      -245.1097        -222.827
              0               0               1        1048.718
  -1.106477e-06    0.0001430672      0.06804045        43.12071
  -3.410166e-06    0.0005271807      -0.1642101       -29.90246
       1048.718        1161.538
              0               0               0        1161.538
  -6.347305e-07    0.0002173318      -0.9767472        76.66756
  -4.287936e-06    0.0009681464       0.2142701       -52.86612
      -290.3097       -263.9179
              0               0               1        1048.718
  -1.014043e-06    0.0001318407      0.09963858        65.20435
  -3.997346e-06    0.0005748831      -0.1912922       -32.86149
       1048.718        1161.538
