              0               0               0        1274.359
   2.092466e-05    0.0003177906      -0.8040023        -131.738
  -1.518971e-05     0.001210061       0.6084778         34.8143
      -91.29185       -60.86124
              0               0               1        1274.359
  -3.758963e-06     0.001016987     -0.05125934       -155.3204
   6.784525e-06    -0.001791388       0.0392675        54.02317
       1274.359        1387.179
              0               0               0        1387.179
   2.394358e-05       0.0002216      -0.8321966        -129.493
  -1.241426e-05     0.001183755       0.5694368        27.62641
       -89.7766       -59.85107
              0               0               1        1274.359
  -3.564669e-06    0.0009615946     -0.04321574        -131.738
   5.139819e-06    -0.001355622      0.02380906         34.8143
       1274.359        1387.179
