              0               0               0        4134.615
  -2.416915e-06    9.085617e-05       0.9988641        41.12367
   3.467275e-06    -0.002022152      0.04586756        76.21303
       166.9625        185.5139
              0               0               1        4134.615
   -3.79454e-09    3.262638e-06     -0.01088278        59.66982
  -7.379785e-10   -1.037147e-07    -0.009897902        76.39014
       4134.615        4423.077
              0               0               0        4423.077
  -2.972715e-06    0.0001224373       0.9983247        39.37327
  -2.213925e-06    -0.002083605      0.05595821        73.17645
       156.1089        173.4543
              0               0               1        4134.615
  -4.090002e-09    3.476791e-06    -0.006730661        41.12367
   7.208495e-09   -4.917467e-06    -0.009708128        76.21303
       4134.615        4423.077
