              0               0               0       -4423.077
    1.14931e-06      7.1616e-06       0.9704555       -102.0368
   -4.72665e-06    -2.83554e-05       0.2412883        58.51148
       171.8621        189.0483
              0               0               1       -4423.077
  -3.949779e-09    4.548612e-07     -0.02618133       -85.35042
   7.725295e-09    -2.00083e-06     0.005708812        62.62594
      -4423.077       -4134.615
              0               0               0       -4134.615
   1.016207e-06    8.084538e-06        0.968602       -110.7849
   -3.95233e-06   -3.207037e-05       0.2486125         59.7542
       183.9368        202.3304
              0               0               1       -4423.077
  -3.575704e-09    4.288407e-07     -0.03015282       -102.0368
   7.103494e-09   -2.031692e-06     0.004303092        58.51148
      -4423.077       -4134.615
