              0               0               0        2307.692
  -1.969529e-06   -0.0001642186       0.9924721        82.61141
  -2.522577e-06    -0.001363231       -0.122906        90.73164
       261.9802        288.1782
              0               0               1        2307.692
  -6.848172e-09    7.530867e-06     -0.02189502        108.4641
   3.362705e-09   -8.636322e-06     0.001588308        86.53075
       2307.692        2576.923
              0               0               0        2576.923
  -2.241366e-06   -0.0001306077       0.9956423        78.13552
  -3.171965e-06    -0.001440741     -0.09432849        89.71876
       250.7268        275.7994
              0               0               1        2307.692
  -6.730088e-09    7.862248e-06     -0.01825365        82.61141
   2.447472e-09    -5.89378e-06    -0.002352733        90.73164
       2307.692        2576.923
