              0               0               0       -4134.615
      0.0012486     -0.06173048       0.0339438        152.6648
   0.0002739929    -0.003136092      -0.7356289        26.03925
       459.8419        478.2058
              0               0               1       -4134.615
  -7.894491e-09     2.23361e-06      0.02882284        140.2031
   1.005837e-08   -2.857032e-06    -0.000559538        13.16948
      -4134.615       -3846.154
              0               0               0       -3846.154
    0.001077016     -0.05741919      0.05572382        161.4127
   0.0002616886    -0.004264874      -0.7300711        27.01562
       489.7762        509.4206
              0               0               1       -4134.615
  -2.041188e-11   -3.219011e-08      0.03033695        152.6648
   5.582698e-10    8.469242e-07     0.003093978        26.03925
      -4134.615       -3846.154
