              0               0               0       -3557.692
   4.892162e-07   -0.0001351059      -0.9868638        57.45338
   1.266887e-06    0.0007560385      -0.1606779       -16.69675
       644.7923        665.5923
              0               0               1       -3557.692
   1.960688e-09    6.072572e-07     0.004684824        36.87254
   2.063566e-08   -1.496356e-05     -0.00512295       -19.70036
      -3557.692       -3269.231
              0               0               0       -3269.231
   6.113601e-07   -0.0001436426       -0.985824        60.05196
   2.454544e-07     0.000782088      -0.1669946       -18.63796
       682.0932        704.0723
              0               0               1       -3557.692
   1.782067e-09    7.437181e-07     0.008645584        57.45338
   1.774285e-08   -1.180444e-05    -0.004800793       -16.69675
      -3557.692       -3269.231
