              0               0               0       -788.4615
   3.420568e-06    0.0002045513      -0.9966028       -4.261542
  -6.085127e-06     0.002589343      0.07935811       -30.15557
       534.4943        548.9606
              0               0               1       -788.4615
  -5.857017e-06   -0.0001566373       0.3075546       -18.62553
   8.865708e-06    -0.001185375      -0.3610022       -28.48409
      -788.4615       -711.5385
              0               0               0       -711.5385
   1.187649e-05    1.424134e-05       -1.000513        14.81371
   2.480516e-05      0.00328972     0.006930395       -59.97523
        494.798        508.1962
              0               0               1       -788.4615
  -5.926206e-06    9.719263e-06       0.2822969       -4.261542
   8.174266e-06    -0.001127792      -0.3492708       -30.15557
      -788.4615       -711.5385
