              0               0               0        597.4359
   1.363512e-05     0.002630097      -0.8646243       -33.18431
  -1.723239e-05     0.004646545       0.5024014       -78.78012
      -139.8076       -125.8268
              0               0               1        597.4359
  -7.657995e-06     0.002067597      0.05795215       -44.72107
   9.024355e-06   -0.0008333709      0.03027478       -70.89504
       597.4359        710.2564
              0               0               0        710.2564
   4.769356e-06     0.001218343      -0.9643635        -10.0761
  -2.569854e-05     0.004501981        0.263748       -69.44612
      -135.0154       -121.5139
              0               0               1        597.4359
  -8.826118e-06     0.002360202      0.05088652       -33.18431
    7.97192e-06   -0.0005586734      0.04429265       -78.78012
       597.4359        710.2564
