              0               0               0        788.4615
   3.644138e-06   -0.0007481129       -0.928336        98.98338
   -1.80454e-06     0.001848908      -0.3710058       -29.40958
      -232.4315        -218.759
              0               0               1        788.4615
  -4.409242e-06     0.001031995       0.3207941        86.16022
  -1.111135e-05   -2.410675e-05       0.4224431       -34.14112
       788.4615        865.3846
              0               0               0        865.3846
  -1.269926e-06   -5.159407e-05      -0.9695374        130.1502
   5.067737e-06    0.0002122245      -0.2449685         -3.0777
      -266.4552       -250.7814
              0               0               1        788.4615
   -5.00759e-06     0.001213949       0.3414183        98.98338
  -1.115601e-05   -2.353194e-05       0.4101364       -29.40958
       788.4615        865.3846
