              0               0               0        1019.231
   5.542036e-05   -0.0001051115      -0.9276279       -102.6513
  -1.210742e-05     0.001584267       0.3963877        10.88105
      -63.63887       -42.42592
              0               0               1        1019.231
  -7.128595e-07    0.0001360091      -0.1458646       -121.8473
   1.244627e-06   -8.303751e-05       0.1091716        19.88693
       1019.231        1096.154
              0               0               0        1096.154
   3.910146e-05    9.778515e-05      -0.8951505       -111.7315
  -1.792712e-05     0.001546109       0.4648208         16.5806
      -71.88709       -47.92473
              0               0               1        1019.231
  -8.854924e-07    0.0001479611      -0.1241855       -102.6513
   6.345556e-07   -2.240568e-06       0.0705118        10.88105
       1019.231        1096.154
