              0               0               0       -1769.231
  -2.382395e-06   -2.657828e-05       0.9972033        86.36766
   4.625062e-07   -0.0007698568     -0.08199798        96.21059
       565.4535        593.7261
              0               0               1       -1769.231
   4.307721e-07    -8.91291e-05     -0.01257136        114.4862
  -1.769599e-07    5.015517e-05      0.03606306        93.28736
      -1769.231           -1500
              0               0               0           -1500
  -2.208307e-06     2.88235e-05         1.00055        83.63584
   1.226058e-08   -0.0007287376    -0.007841203        104.0402
        588.539        617.9659
              0               0               1       -1769.231
   4.383545e-07   -9.056608e-05     -0.01753778        86.36766
  -1.365688e-07    3.726952e-05      0.02894658        96.21059
      -1769.231           -1500
