              0               0               0               0
    -1.5118e-05      0.00258617       0.8427483       -38.66752
   3.845145e-07    -0.004047397       0.5371488        118.7619
       109.0824        122.7177
              0               0               1               0
  -2.047731e-07    6.377699e-05    -0.004799044        -26.7339
   7.524936e-07   -0.0002650336       0.0100656        125.3346
              0        153.8462
              0               0               0        153.8462
  -8.450469e-06      0.00246665       0.8457559       -38.46746
  -1.948747e-05    -0.003848189       0.5338164        116.9334
       107.2301        120.6338
              0               0               1               0
  -3.242515e-07     9.44431e-05    -0.005554732       -38.66752
   7.075784e-07   -0.0002564295      0.01081776        118.7619
              0        153.8462
