              0               0               0       -788.4615
  -5.335268e-06   -0.0003087099       0.9954052          28.568
   5.243079e-06    -0.003065695     -0.09593898        86.77975
       216.5393        230.9752
              0               0               1       -788.4615
   5.965211e-07   -0.0003218242       0.2211895        42.85724
  -7.606611e-06    0.0009817655       0.2726871        84.77167
      -788.4615       -711.5385
              0               0               0       -711.5385
  -4.749545e-06    -0.001020991         0.97081        45.46185
   1.582876e-05    -0.003970848        -0.24067        111.9812
       200.4118        213.7725
              0               0               1       -788.4615
   7.401269e-07   -0.0004702845       0.2514163          28.568
  -7.310012e-06    0.0009350635       0.2989457        86.77975
      -788.4615       -711.5385
