              0               0               0       -1387.179
   1.307291e-06   -5.069237e-05        0.999179        115.5748
  -9.976448e-06   -0.0006286556     -0.01812772        107.3738
       629.5808        659.5609
              0               0               1       -1387.179
   3.812236e-06   -0.0007628673     -0.02007222        145.5199
  -5.811216e-06    0.0006396171      0.08885095        105.9964
      -1387.179       -1274.359
              0               0               0       -1274.359
   6.352506e-06   -9.748588e-05       0.9967751        108.4791
  -4.677877e-06   -0.0006954678      0.04383415        115.2602
       641.5299        672.0789
              0               0               1       -1387.179
   4.387835e-06   -0.0008023927     -0.02821831        115.5748
  -4.843713e-06    0.0005204446      0.07283878        107.3738
      -1387.179       -1274.359
