              0               0               0        2576.923
   1.267097e-06   -3.534108e-05      -0.9902956        417.7652
  -7.792643e-06    0.0001688025      -0.1370423       -1.612693
      -600.7718       -575.7397
              0               0               1        2576.923
   5.277823e-09   -5.210719e-06     -0.05911947        392.9737
   -5.64221e-09   -2.050329e-05      0.03953375       -5.059614
       2576.923        2846.154
              0               0               0        2846.154
   1.949164e-06   -5.829169e-05      -0.9870698         400.385
  -9.734498e-06    0.0002223623       -0.157754        7.764842
      -573.7246       -549.8194
              0               0               1        2576.923
   4.646055e-09   -4.999781e-06     -0.06354575        417.7652
  -3.961219e-10   -2.320663e-05      0.04110749       -1.612693
       2576.923        2846.154
