              0               0               0        4192.308
  -4.169183e-06    0.0002262129       0.9957669        292.4749
  -3.344258e-05     0.003053167     -0.08247523         31.1876
       421.1722         439.484
              0               0               1        4192.308
   3.306815e-08     -5.6425e-06     -0.06750586        310.7594
   -1.47871e-09   -1.753224e-06     0.006770285        30.49577
       4192.308        4461.538
              0               0               0        4461.538
  -5.046137e-06    0.0002366454        0.996312         275.653
  -4.058493e-05     0.003357894     -0.07638953        32.68966
       395.3071        412.4943
              0               0               1        4192.308
   3.118684e-08   -5.331592e-06     -0.06330654        292.4749
  -5.651059e-10   -1.913161e-06     0.006135115         31.1876
       4192.308        4461.538
