              0               0               0       -1387.179
  -1.199343e-07    3.964135e-05       0.9977802        55.65178
  -1.582556e-06   -0.0006390863      0.06673333        105.9228
       569.6207        599.6008
              0               0               1       -1387.179
   4.916705e-06   -0.0008362216     -0.03559741        85.59767
  -3.852695e-06    0.0004022323      0.05645722        107.3064
      -1387.179       -1274.359
              0               0               0       -1274.359
   2.436254e-07    7.536065e-05       0.9914824        47.63216
  -7.969541e-07   -0.0006510624       0.1292105        109.9462
       580.4318        610.9808
              0               0               1       -1387.179
   5.402718e-06   -0.0008650163     -0.04225971        55.65178
  -2.861094e-06    0.0002869324      0.03970755        105.9228
      -1387.179       -1274.359
