              0               0               0       -1173.077
   9.447962e-07   -0.0002434847      -0.9760698       -70.21636
  -1.458567e-07     0.001079543      -0.2174089       -73.36169
       1061.154        1089.799
              0               0               1       -1173.077
  -4.085778e-06    0.0007660017       0.1296801       -98.35359
  -1.599172e-05     0.001887799       0.2796363       -78.70702
      -1173.077       -1096.154
              0               0               0       -1096.154
   1.411254e-06   -0.0001687767      -0.9922093        -60.4919
  -3.258298e-06      0.00135088      -0.1241159       -50.97522
       937.9713        963.2967
              0               0               1       -1173.077
  -2.942471e-06    0.0005967444      0.09792568       -70.21636
  -1.403676e-05      0.00167014       0.2456096       -73.36169
      -1173.077       -1096.154
