              0               0               0        865.3846
  -3.237793e-06    5.628975e-05       -0.966603        160.4792
   1.158131e-05   -0.0001969492       -0.256105        4.843058
      -297.8029       -282.1291
              0               0               1        865.3846
  -4.033632e-06    8.669021e-05       0.4788798        145.3302
   2.018032e-06    -0.002587175       0.1899889       0.8251202
       865.3846        942.3077
              0               0               0        942.3077
  -6.581779e-07    5.026876e-05      -0.9911963        199.1278
   5.110251e-06   -0.0003738429      -0.1323934        3.588575
      -350.7242        -332.265
              0               0               1        865.3846
  -4.199184e-06    8.996825e-05       0.5203577        160.4792
   2.111638e-06    -0.002533167       0.1660558        4.843058
       865.3846        942.3077
