              0               0               0       -2038.462
  -1.201733e-06    0.0001099356       0.9965497        -21.3791
   1.835178e-06    -0.001325895      0.08267011        94.15201
       434.6496        461.8152
              0               0               1       -2038.462
  -1.303433e-07    1.386399e-05    -0.009568239        5.749808
   4.882055e-09   -4.680672e-06     0.007973955        95.45611
      -2038.462       -1769.231
              0               0               0       -1769.231
   -1.21122e-06    0.0001689731       0.9911547       -26.49529
    3.05412e-06    -0.001294081       0.1322481        94.58533
       452.3628        480.6354
              0               0               1       -2038.462
  -1.293383e-07    1.450353e-05     -0.01353267        -21.3791
  -1.235295e-08   -5.243078e-06     0.003916478        94.15201
      -2038.462       -1769.231
