              0               0               0       -2038.462
    9.59173e-07   -1.648228e-05      -0.9985458       -328.4665
   1.279747e-05    -0.000221757      0.05501964       -36.18161
       1248.761        1275.886
              0               0               1       -2038.462
  -6.028849e-08    2.797422e-05     -0.04560377       -355.5449
  -1.457363e-07    -2.28685e-05     -0.06643059       -34.59697
      -2038.462       -1769.231
              0               0               0       -1769.231
   2.852341e-07   -5.171502e-06       -1.000056       -338.7405
   1.242121e-05   -0.0002358544     0.003705204       -57.17996
       1299.685        1327.917
              0               0               1       -2038.462
  -4.791764e-08    2.545198e-05     -0.04153974       -328.4665
  -1.362235e-07   -2.082126e-05     -0.06251394       -36.18161
      -2038.462       -1769.231
