              0               0               0       -2846.154
   4.850435e-07   -6.807159e-05      -0.9963721        -6.13223
  -2.435884e-06    0.0008114638     -0.08464497        -31.0003
       808.2883        832.0357
              0               0               1       -2846.154
   3.474856e-09    2.405405e-06    -0.004979191       -29.82538
   4.973965e-09   -5.900778e-06     -0.01318252        -32.5854
      -2846.154       -2576.923
              0               0               0       -2576.923
   3.562098e-07    -7.45211e-05      -0.9945018       -6.151719
  -7.489302e-07    0.0007189706      -0.1046289       -34.29637
       846.4545        871.3227
              0               0               1       -2846.154
    3.20701e-09    2.315317e-06   -0.0009282048        -6.13223
   3.499536e-09   -3.393655e-06     -0.01158257        -31.0003
      -2846.154       -2576.923
