              0               0               0       -4192.308
   7.644263e-05     -0.00385565      -0.9040786        122.1617
    1.76657e-05     0.001111189      -0.3405967        5.416924
       489.9411        508.0616
              0               0               1       -4192.308
   1.343381e-08    -3.86741e-06      0.02050705        104.9682
  -6.531304e-09    5.616537e-07    -0.004346051      -0.2848805
      -4192.308       -3923.077
              0               0               0       -3923.077
   6.692658e-05    -0.003604783      -0.9018006        128.6988
   1.998778e-05     0.000836623      -0.3455412        4.660243
       520.2788        539.5388
              0               0               1       -4192.308
   1.473019e-08   -4.511642e-06      0.02442762        122.1617
  -3.421605e-09    7.310116e-07    -0.002759327        5.416924
      -4192.308       -3923.077
