              0               0               0        4711.538
   7.136243e-07   -8.283514e-06      -0.9999732        55.29416
   7.005259e-07     0.001078226     -0.01054531       -11.25636
      -161.0862       -144.9776
              0               0               1        4711.538
  -2.793359e-09   -1.673109e-06     -0.00399484        39.18681
  -1.429003e-08   -1.093073e-07      0.01165203       -11.14351
       4711.538            5000
              0               0               0            5000
   6.411531e-07   -8.397045e-06       -0.999958        52.73937
   3.681898e-07     0.001127816     -0.01548679       -8.155523
      -149.1208       -134.2087
              0               0               1        4711.538
  -2.267482e-09   -1.598251e-06    -0.008206877        55.29416
  -1.766324e-08   -4.174675e-07      0.01233975       -11.25636
       4711.538            5000
