              0               0               0       -3557.692
   4.034091e-07   -0.0001602786      -0.9807198        77.91809
  -4.785716e-06     0.001054667      -0.1983406       -12.98448
       623.9923        644.7923
              0               0               1       -3557.692
   1.782067e-09    7.437181e-07     0.008645584        57.45338
   1.774285e-08   -1.180444e-05    -0.004800793       -16.69675
      -3557.692       -3269.231
              0               0               0       -3269.231
   3.482199e-07   -0.0001666033       -0.979005         81.6464
  -3.681214e-06     0.001024817      -0.2067088       -14.55067
       660.1141        682.0932
              0               0               1       -3557.692
   1.850828e-09     7.37573e-07      0.01255806        77.91809
   1.409766e-08   -8.493828e-06    -0.004152364       -12.98448
      -3557.692       -3269.231
