              0               0               0           -1250
   1.237743e-07    8.577209e-05       0.9905329         47.1776
   3.684522e-07    -0.000698383       0.1362156        110.0998
       581.0172        611.5971
              0               0               1           -1250
   1.566313e-06    0.0002160668     0.009949117        77.55169
  -2.445666e-07   -0.0005350657       -0.050075        113.6227
          -1250       -1173.077
              0               0               0       -1173.077
   1.708364e-07    6.131321e-05       0.9952266        51.69439
   7.990872e-08   -0.0007414613      0.09616553        104.3425
       545.2336        573.9301
              0               0               1           -1250
   1.985803e-06    0.0003146681      0.02276278         47.1776
  -4.719018e-08   -0.0004128323     -0.04280956        110.0998
          -1250       -1173.077
