              0               0               0        2403.846
  -0.0006512969      0.04348719       0.1000908        -167.024
   2.890292e-06    -0.005955395       0.7264897        41.86999
              0        25.79437
              0               0               1        2403.846
   4.901558e-09    1.242341e-07      0.02376901       -146.6857
   9.859309e-09    4.592405e-06     -0.02208731        56.69652
       2403.846        2692.308
              0               0               0        2692.308
  -0.0007145852      0.04574015      0.07658806       -158.6187
  -1.384252e-05    -0.005101973       0.7284386        36.32182
              0        24.59146
              0               0               1        2403.846
  -3.542046e-09    3.710267e-06       0.0283627        -167.024
    7.38457e-09    6.728928e-06     -0.02178916        41.86999
       2403.846        2692.308
