              0               0               0        2115.385
  -1.276971e-06   -0.0002143896       0.9886457        86.20217
   4.554831e-07    -0.001409586      -0.1499441           90.96
       270.1047        297.1151
              0               0               1        2115.385
  -3.976585e-08    3.016568e-05      -0.0270761        112.7244
   2.343678e-08   -2.358671e-05      0.00725624        85.89053
       2115.385        2403.846
              0               0               0        2403.846
  -1.714311e-06   -0.0001621762       0.9937299        80.97424
  -2.691351e-07    -0.001488662      -0.1118124         90.4628
       257.9437         283.738
              0               0               1        2115.385
   -3.83554e-08     2.96233e-05     -0.02347711        86.20217
   1.633684e-08   -1.670118e-05     0.001734654           90.96
       2115.385        2403.846
