              0               0               0       -3557.692
   6.299102e-08   -5.599042e-07      -0.9829685       -149.0934
   3.934401e-07   -5.699085e-06       0.1838059        -11.7829
       852.7925        873.5925
              0               0               1       -3557.692
   5.047824e-09   -5.515652e-06     -0.03411063       -169.5388
    8.60405e-09   -3.636964e-05     0.007204428       -7.958659
      -3557.692       -3269.231
              0               0               0       -3269.231
   -4.89441e-08   -1.120639e-05       -0.983885       -158.0854
   -2.84722e-07   -6.193492e-05       0.1788077       -12.59735
       901.8843        923.8634
              0               0               1       -3557.692
    4.55656e-09   -4.777269e-06     -0.03017333       -149.0934
   9.104279e-09   -3.556148e-05      0.00667713        -11.7829
      -3557.692       -3269.231
