              0               0               0        2692.308
   4.733449e-06   -3.745982e-05       0.9819288        361.4285
   3.547173e-05   -0.0003398724      -0.1919246        14.60334
       541.0121        565.6036
              0               0               1        2692.308
  -2.521959e-09    3.997259e-07     -0.06128779        385.6233
   1.759947e-08   -2.758451e-05      0.03295564        10.20562
       2692.308        2980.769
              0               0               0        2980.769
   4.286304e-06   -2.238735e-05        0.985373        344.8345
   3.891699e-05   -0.0003190725      -0.1733869        21.57024
        514.399        537.7807
              0               0               1        2692.308
   -2.74644e-09    7.497014e-07     -0.05751345        361.4285
   1.695685e-08   -2.599642e-05      0.03023989        14.60334
       2692.308        2980.769
