              0               0               0        1769.231
   1.620468e-07    1.998699e-05       0.9978824       -47.42846
   3.940472e-07   -0.0007654324      0.07349558        97.20846
       142.1719        170.6063
              0               0               1        1769.231
  -2.471085e-08    2.494091e-05     -0.01258817        -19.0344
  -2.363059e-08    1.863428e-05     -0.02117976        98.68846
       1769.231        2038.462
              0               0               0        2038.462
   1.900823e-07    6.011585e-05        0.992585       -48.27017
   3.584832e-07   -0.0007826489       0.1264307        90.99801
       136.6306        163.9567
              0               0               1        1769.231
  -1.898198e-08     2.15827e-05    -0.007561174       -47.42846
  -3.219049e-08    2.769527e-05     -0.02819047        97.20846
       1769.231        2038.462
