              0               0               0        4423.077
   7.105242e-06    0.0001603944      -0.9851825       -28.59339
   5.736586e-07     0.001277778       0.1746953       -7.156292
      -86.59398       -69.27518
              0               0               1        4423.077
  -4.609096e-09    2.079272e-06      0.01658272       -45.57055
  -3.031534e-09    3.642919e-06     0.005091887       -3.744543
       4423.077        4711.538
              0               0               0        4711.538
    9.40566e-06    0.0001508018      -0.9865288       -24.91151
   4.030791e-06     0.001324163       0.1678644       -5.109884
       -80.5431       -64.43448
              0               0               1        4423.077
  -4.250868e-09    1.790098e-06      0.01260118       -28.59339
  -4.401789e-09    4.559646e-06     0.006145207       -7.156292
       4423.077        4711.538
