              0               0               0        1274.359
  -4.893262e-06    0.0004013624       0.8707958        393.0015
  -9.319429e-06    0.0007262649      -0.4911375       -98.25801
       640.0428        670.5211
              0               0               1        1274.359
   1.232267e-05     -0.00330479       0.2102187        419.7761
  -2.073167e-05     0.005510802      -0.1720198       -112.8162
       1274.359        1387.179
              0               0               0        1387.179
  -5.195615e-06    0.0003876727       0.8935002        392.1365
  -1.121236e-05    0.0007914866      -0.4484811       -78.81851
       629.3925        659.3635
              0               0               1        1274.359
   1.182958e-05    -0.003171568       0.1995777        393.0015
  -1.913046e-05     0.005085263      -0.1579159       -98.25801
       1274.359        1387.179
