              0               0               0        865.3846
   1.461492e-05   -0.0004991146      -0.9574492        205.7646
  -4.561798e-05     0.001564808      -0.2879866        17.49703
      -344.8244       -329.1506
              0               0               1        865.3846
   -4.00108e-06   -1.905515e-05       0.6108559        190.6913
   2.000363e-06      -0.0022702      0.09895609        13.19195
       865.3846        942.3077
              0               0               0        942.3077
   4.233147e-06   -0.0001729855      -0.9906421        254.0651
  -3.054835e-05     0.001243019      -0.1355718        10.55246
      -406.1017       -387.6425
              0               0               1        865.3846
  -3.572499e-06   -0.0001388865       0.6597292        205.7646
   1.515612e-06    -0.002033454      0.05717191        17.49703
       865.3846        942.3077
