              0               0               0        369.2308
   4.043247e-06     0.003942578       0.4496988       -77.62625
    -2.0483e-05     -0.00195011       0.8934019        80.27642
       54.56049        68.20062
              0               0               1        369.2308
  -1.290408e-06    0.0004757938     0.002818861       -70.74851
  -2.692546e-06    0.0006502138       0.0704044        92.04773
       369.2308        484.6154
              0               0               0        484.6154
  -4.042968e-05     0.004740813       0.4843572       -73.11392
   1.100351e-05    -0.002713245       0.8745697        93.71002
       52.23071        65.28839
              0               0               1        369.2308
  -1.492402e-06    0.0004568051     0.006267798       -77.62625
   -3.46485e-06    0.0007740392      0.07324201        80.27642
       369.2308        484.6154
