              0               0               0       -4711.538
  -4.691421e-06    0.0002182377       0.9971643        -250.844
   5.041159e-05    -0.001105964     -0.01498671        33.97828
              0        15.97894
              0               0               1       -4711.538
   2.453591e-11     2.85845e-08     -0.06664711       -234.8738
   1.320578e-09   -3.078356e-06    -0.004412635         33.6621
      -4711.538       -4423.077
              0               0               0       -4423.077
  -3.853074e-06    0.0001730023       0.9979388       -271.2783
   4.013311e-05   -0.0007756277     -0.01242841        32.40374
              0        17.18621
              0               0               1       -4711.538
   6.981704e-11    3.453719e-09     -0.07084566        -250.844
   1.193806e-09   -2.910517e-06    -0.004718181        33.97828
      -4711.538       -4423.077
