              0               0               0        634.6154
  -7.140404e-07     0.004140517      -0.4904075        -72.1285
  -1.570771e-05     0.002291331        0.871856       -35.95729
      -74.09278       -59.27423
              0               0               1        634.6154
   3.719452e-07    5.756667e-05      0.03918931       -78.48874
   1.527017e-06    0.0005481216     -0.06632204        -22.5856
       634.6154        711.5385
              0               0               0        711.5385
   4.930473e-07     0.003610693      -0.6666892       -66.62624
  -2.290009e-05     0.003297294       0.7456237       -34.35505
      -67.47333       -53.97867
              0               0               1        634.6154
   1.023131e-06    7.802964e-05      0.05947304        -72.1285
   1.378602e-06    0.0006490371     -0.03725428       -35.95729
       634.6154        711.5385
