              0               0               0       -1387.179
   -6.60316e-06    1.610846e-05      -0.8500019        163.4417
  -2.192552e-06    0.0009158649      -0.5430911        22.52973
       838.0599        867.5795
              0               0               1       -1387.179
  -5.355243e-06    0.0008361773      0.03948632        138.1941
  -4.983076e-06    0.0007149555      0.06578453        7.239574
      -1387.179       -1274.359
              0               0               0       -1274.359
  -2.067372e-06   -0.0003294849      -0.8088321        170.6359
  -7.206229e-06     0.001233189      -0.6019578        34.02245
       855.2239        885.7232
              0               0               1       -1387.179
  -5.578157e-06    0.0008605862       0.0376764        163.4417
  -6.276223e-06     0.000868487      0.08377087        22.52973
      -1387.179       -1274.359
