              0               0               0        1538.462
   5.593663e-08   -0.0004770493       0.9362453        128.6129
   2.862998e-06    -0.001265057      -0.3511636        77.25041
       323.6741         353.099
              0               0               1        1538.462
  -5.157665e-07    0.0003586775     -0.09176147        155.7502
   3.583879e-07   -0.0002713449      0.07800893        65.89507
       1538.462        1826.923
              0               0               0        1826.923
  -3.489308e-07   -0.0003875747       0.9610729        119.9654
   2.810972e-06    -0.001350855      -0.2760298        83.21463
       310.1367        338.3309
              0               0               1        1538.462
  -4.909259e-07      0.00034398     -0.08835288        128.6129
   2.609073e-07   -0.0001996218       0.0565491        77.25041
       1538.462        1826.923
