              0               0               0        1538.462
   2.457396e-05     0.000185134      -0.8627369        -126.379
  -1.383049e-05     0.001278663       0.5222164        19.53584
      -88.12137       -58.74758
              0               0               1        1538.462
   2.031578e-07   -0.0001344612      0.04564898       -150.9383
  -4.124173e-07    0.0003143279      -0.1018258        35.62805
       1538.462        1826.923
              0               0               0        1826.923
    2.68497e-05    0.0001097764        -0.90026       -119.4232
  -1.298258e-05     0.001348712       0.4538895        8.953383
      -84.46038       -56.30692
              0               0               1        1538.462
   1.965233e-07   -0.0001329437      0.04610984        -126.379
   -3.11825e-07     0.000241514     -0.08040639        19.53584
       1538.462        1826.923
