              0               0               0       -4134.615
  -6.180817e-06    0.0002405338      -0.9794377        -237.851
  -2.964489e-05      0.00115891       0.2012163        18.90174
       863.8466        882.2105
              0               0               1       -4134.615
   3.190264e-08   -1.157547e-05     -0.06440961       -255.7944
   1.410545e-07   -5.460289e-05     -0.01729913        22.80408
      -4134.615       -3846.154
              0               0               0       -3846.154
   7.924683e-07    0.0002222678      -0.9717953        -255.573
   8.826908e-07    0.0009104763       0.2355097        11.67165
       921.9538        941.5983
              0               0               1       -4134.615
   3.833755e-08   -1.396517e-05     -0.06059776        -237.851
   1.802187e-07   -6.906631e-05     -0.02013735        18.90174
      -4134.615       -3846.154
