              0               0               0       -634.6154
  -1.376399e-05     0.004367654       0.4632372       -75.41294
  -1.338533e-05    -0.002203487       0.8864565        80.07098
       54.93607        68.67009
              0               0               1       -634.6154
   9.097862e-06    -0.001606692      0.03513242       -68.26265
   2.253702e-05    -0.003073113       -0.058616        91.79529
      -634.6154       -557.6923
              0               0               0       -557.6923
  -2.767947e-05     0.005098092        0.186822       -74.55215
  -9.637542e-06   -0.0009122081        0.981683        65.55851
       57.10943        71.38679
              0               0               1       -634.6154
   6.604148e-06    -0.001428607      0.08200541       -75.41294
   2.312911e-05    -0.003008492     -0.09409834        80.07098
      -634.6154       -557.6923
