              0               0               0        1048.718
  -0.0001061996     0.002988215      -0.8446559       -126.1532
   0.0001482291    0.0004149513       0.4745339         23.2021
      -44.56541        -22.2827
              0               0               1        1048.718
  -7.975129e-07    0.0001311143      -0.1571157       -144.6657
    3.07312e-06    -0.000235215        0.151361        35.62201
       1048.718        1161.538
              0               0               0        1161.538
  -6.525157e-05     0.002602744      -0.7884087       -141.6738
   0.0001093681    0.0001397439       0.5627111        37.15905
      -52.78358       -26.39179
              0               0               1        1048.718
  -9.684705e-07    0.0001471735       -0.141846       -126.1532
   2.317504e-06   -0.0001321917       0.1091249         23.2021
       1048.718        1161.538
