              0               0               0        4461.538
  -0.0002454826     0.004109573      -0.9045465       -77.75454
   0.0002274512    0.0009953219       0.3362392        6.021668
      -34.30647       -17.15323
              0               0               1        4461.538
   5.946872e-08   -1.385712e-05      0.02677176       -93.30023
  -3.071228e-09    3.304352e-06    0.0003873144        13.23007
       4461.538        4730.769
              0               0               0        4730.769
  -0.0002687386     0.004155379      -0.9073896       -71.34701
   0.0002630706    0.0007934871       0.3313303        6.912527
      -32.06956       -16.03478
              0               0               1        4461.538
   5.190836e-08   -1.232787e-05      0.02335588       -77.75454
  -1.141435e-09    2.993482e-06     0.002585702        6.021668
       4461.538        4730.769
