              0               0               0       -3384.615
   4.147398e-07   -0.0001715943      -0.9795543        80.10931
  -3.826289e-06     0.001055819      -0.2039337       -13.91717
       645.7837        667.2817
              0               0               1       -3384.615
  -4.522593e-09    4.035702e-06     0.009010775        58.97561
   2.717105e-08   -1.701734e-05    -0.003987516        -17.8514
      -3384.615       -3115.385
              0               0               0       -3115.385
   1.238545e-07   -0.0001590574      -0.9777069        83.80511
  -2.428097e-06     0.000955636      -0.2128172       -15.27452
       679.5138        702.1374
              0               0               1       -3384.615
  -5.996571e-09    4.816397e-06       0.0128652        80.10931
   2.107838e-08   -1.243008e-05    -0.003222925       -13.91717
      -3384.615       -3115.385
