              0               0               0       -2980.769
   2.980415e-07   -0.0001143193       0.9699765       -235.7263
  -1.851133e-06    0.0004680688       0.2430173        36.64609
       139.3319        162.5538
              0               0               1       -2980.769
   5.665033e-10   -7.532679e-07     -0.04267757       -213.2595
  -9.188004e-09   -8.753928e-06    -0.009757463        42.51866
      -2980.769       -2692.308
              0               0               0       -2692.308
   3.742217e-07   -0.0001219512       0.9653848       -249.1318
  -1.979592e-06    0.0004634628       0.2606331        32.14139
       146.5512        170.9764
              0               0               1       -2980.769
   6.436069e-10   -4.383561e-07     -0.04639945       -235.7263
  -1.077865e-08   -9.192424e-06     -0.01206774        36.64609
      -2980.769       -2692.308
