              0               0               0        484.6154
   0.0002200096    -0.005745628      0.07482117        117.2128
   1.389928e-05   -0.0003629846      -0.9964671        54.76436
       313.3843        326.4419
              0               0               1        484.6154
   1.461502e-06    0.0003419386     -0.07701943           117.7
   2.428652e-05    -0.003633282      -0.1952061        41.72187
       484.6154        597.4359
              0               0               0        597.4359
  -0.0002488404     0.007108567     0.003474362         114.687
   9.228914e-06   -0.0002636402      -0.9959191        22.58073
       342.8012        357.0846
              0               0               1        484.6154
   2.044223e-06    0.0002493708     -0.07654209        117.2128
   2.376222e-05    -0.003499696      -0.1928833        54.76436
       484.6154        597.4359
