              0               0               0       -369.2308
   1.036864e-05      0.00176627      -0.9375517       -17.58307
  -8.351895e-06     0.004550039       0.3481079       -82.06287
       558.8712        573.6313
              0               0               1       -369.2308
  -1.771026e-06    0.0003462349      0.02464033       -31.00331
  -1.248083e-06    0.0001652079      0.05423379       -75.96033
      -369.2308       -246.1538
              0               0               0       -246.1538
   1.263817e-05     0.001452193      -0.9512469        -13.4966
  -7.558899e-06     0.004529701       0.3074635        -74.0604
         539.25        552.7335
              0               0               1       -369.2308
  -1.640886e-06    0.0003377855      0.01648498       -17.58307
  -1.377544e-06    0.0001579516      0.06644683       -82.06287
      -369.2308       -246.1538
