              0               0               0        461.5385
  -0.0002203161     0.005463685     -0.01571067        -86.3301
   -9.91691e-07    3.286414e-05       0.9990182        11.61203
      -30.96271       -15.48135
              0               0               1        461.5385
  -1.528086e-06    5.931173e-05      0.02734202        -86.0813
  -3.423303e-06   -0.0002645534      0.08609787        27.08238
       461.5385        557.6923
              0               0               0        557.6923
  -0.0002817315     0.005794265      0.02314659       -84.96342
   2.566263e-06   -0.0001073264        0.999737        14.11462
      -31.55587       -15.77793
              0               0               1        461.5385
  -1.333453e-06    0.0001552566      0.01161355        -86.3301
  -3.337663e-06   -0.0001912254      0.07527264        11.61203
       461.5385        557.6923
