              0               0               0        2403.846
   9.945455e-07    -9.18311e-05      -0.9971411        147.1336
    3.04303e-06      0.00110265       -0.075366       -41.00201
      -334.8243       -309.0686
              0               0               1        2403.846
  -4.890755e-11   -5.504369e-06    -0.008687028        121.4076
  -6.959896e-09   -8.429483e-07      0.02142035       -42.15968
       2403.846        2692.308
              0               0               0        2692.308
   9.153492e-07   -0.0001238813      -0.9946861        142.9219
   4.552631e-06     0.001119224       -0.102913       -34.43339
      -319.1328       -294.5841
              0               0               1        2403.846
   1.123252e-09   -6.213677e-06     -0.01290175        147.1336
  -8.588221e-09    -1.48154e-06      0.02391322       -41.00201
       2403.846        2692.308
