              0               0               0       -4192.308
  -3.026299e-07    2.012814e-06      -0.9786865       -110.1481
  -1.473095e-06    1.068387e-05       0.2053494        -5.61619
       725.5073        743.6278
              0               0               1       -4192.308
    -1.6526e-08    2.715095e-06     -0.03373589       -127.8835
  -1.080657e-07     1.18824e-06     -0.01101058       -1.900419
      -4192.308       -3923.077
              0               0               0       -3923.077
  -4.249729e-07    1.955295e-05      -0.9811341       -118.1996
  -2.096984e-06    9.645287e-05       0.1933557       -10.63242
       770.6581        789.9181
              0               0               1       -4192.308
  -1.316987e-08    2.129804e-06     -0.02952427       -110.1481
  -1.025735e-07    9.614949e-07     -0.01145551        -5.61619
      -4192.308       -3923.077
