              0               0               0       -2403.846
   9.400084e-07   -5.142966e-05      -0.9990304       -56.74049
   4.192786e-06     0.001024599     -0.04431357       -40.89924
       922.4436         948.039
              0               0               1       -2403.846
   8.137652e-09    3.864639e-06    -0.009367952       -82.32901
  -2.353226e-08   -3.348347e-06      -0.0214058       -41.29192
      -2403.846       -2115.385
              0               0               0       -2115.385
   6.168171e-07   -7.901445e-05      -0.9967997       -57.75496
   5.455315e-06    0.0009067243     -0.08024557       -46.91579
       965.8976         992.698
              0               0               1       -2403.846
   9.621757e-09    3.328884e-06    -0.005277716       -56.74049
  -1.944939e-08   -1.708152e-06     -0.01874626       -40.89924
      -2403.846       -2115.385
