              0               0               0        823.0769
   2.713637e-06    0.0006468892       0.9435152       -32.70498
  -1.767954e-05    -0.001907475       0.3319124        78.39342
       100.2671        114.5909
              0               0               1        823.0769
   4.490453e-07   -0.0003381314        0.202076        -19.0495
   1.643071e-06    0.0009050594      -0.2150685        82.70436
       823.0769        935.8974
              0               0               0        935.8974
  -1.387803e-06    0.0001742392       0.9927776       -18.09612
   5.052246e-06    -0.001547561       0.1195357        70.62172
       127.8769        146.1451
              0               0               1        823.0769
   8.036743e-07   -0.0004171862       0.1663253       -32.70498
   1.700226e-06    0.0008392719      -0.1852139        78.39342
       823.0769        935.8974
