              0               0               0        4192.308
  -5.760387e-06    0.0005580844       0.9510334       -48.89843
  -1.344266e-06    -0.001045072       0.3016375         58.1907
       73.24734        91.55917
              0               0               1        4192.308
   -5.87588e-09    2.472775e-06      0.01038534        -31.3315
    1.17135e-08   -5.147561e-06    -0.008768174        63.35554
       4192.308        4461.538
              0               0               0        4461.538
  -4.485137e-06    0.0005593241       0.9485108       -44.91563
  -8.953175e-06   -0.0009355712       0.3090803        55.85993
       68.74906        85.93632
              0               0               1        4192.308
  -8.618086e-09    3.095463e-06      0.01458454       -48.89843
   1.354162e-08   -5.799018e-06    -0.008077428         58.1907
       4192.308        4461.538
