              0               0               0        2846.154
   2.256483e-07   -3.107055e-06      -0.9897623        305.8664
  -1.431989e-06    1.460952e-05      -0.1426331       -6.650091
      -478.1038       -454.1986
              0               0               1        2846.154
  -4.847189e-09   -1.617777e-06     -0.04325197        282.2072
   5.100859e-08   -2.203922e-05      0.02298086       -10.07098
       2846.154        3115.385
              0               0               0        3115.385
   2.881143e-07   -4.279258e-06      -0.9874642        292.8464
  -1.680803e-06    2.076397e-05      -0.1577676      -0.8824441
      -455.6515        -432.869
              0               0               1        2846.154
  -4.958965e-09   -1.407971e-06     -0.04762139        305.8664
   4.942647e-08   -2.300471e-05      0.02403358       -6.650091
       2846.154        3115.385
