              0               0               0        3384.615
   5.869115e-07   -1.601015e-05      -0.9998325        87.20871
  -7.338611e-06     0.001271994     -0.01933905       -26.49156
       -238.254       -216.5945
              0               0               1        3384.615
  -2.352076e-09   -2.450925e-07     -0.00670841        65.55134
   7.320976e-08   -2.974678e-05      0.00687834       -26.38827
       3384.615        3653.846
              0               0               0        3653.846
   3.894853e-07    7.139501e-06      -0.9999757        84.26489
  -4.090663e-06    0.0009967356     0.004847114       -25.75057
      -226.4928       -205.9025
              0               0               1        3384.615
  -4.189577e-09    4.855424e-07     -0.01076126        87.20871
   9.518981e-08   -3.892632e-05     0.006332552       -26.49156
       3384.615        3653.846
