              0               0               0       -4461.538
   9.193176e-07   -0.0001117587       0.9762804       -150.5626
  -4.299846e-06     0.000492975       0.2165854        46.46061
       119.1636         136.187
              0               0               1       -4461.538
   1.956381e-08   -1.244201e-05     -0.03634368       -133.9708
  -2.050498e-09    8.060952e-08      0.00160343        50.26928
      -4461.538       -4192.308
              0               0               0       -4192.308
   4.961051e-07   -0.0001007612       0.9748783       -161.9376
  -2.380999e-06    0.0004331992       0.2227771        46.49539
       127.0361        145.1841
              0               0               1       -4461.538
    2.16152e-08    -1.37072e-05     -0.04012657       -150.5626
  -2.184648e-09   -5.891225e-08    0.0003034036        46.46061
      -4461.538       -4192.308
