              0               0               0        865.3846
   1.160264e-06   -0.0001113079      -0.9720907        114.9362
  -3.757254e-06    0.0004505171      -0.2345808       -6.845646
      -250.7814       -235.1076
              0               0               1        865.3846
  -3.120987e-06   -3.906745e-05       0.3648984        99.67696
   1.820154e-06    -0.002579193       0.2288312       -10.42622
       865.3846        942.3077
              0               0               0        942.3077
  -1.032184e-06    4.499131e-05      -0.9880382        144.3239
   6.714979e-06   -0.0002872151      -0.1542071       -4.354677
      -295.3467       -276.8875
              0               0               1        865.3846
   -3.44193e-06    1.447774e-05        0.401292        114.9362
   1.688051e-06    -0.002588265       0.2214915       -6.845646
       865.3846        942.3077
