              0               0               0        2115.385
  -7.659232e-05     0.002535483      -0.8550944       -136.6473
   9.660908e-05    0.0004990081       0.4545366        14.42039
      -53.92718       -26.96359
              0               0               1        2115.385
   1.423471e-08   -8.051589e-06       0.0290903       -159.3618
  -4.268378e-08    4.329647e-05     -0.03147081          28.933
       2115.385        2403.846
              0               0               0        2403.846
  -8.828392e-05     0.002622593       -0.871211       -129.0913
   0.0001048703    0.0005259395       0.4218386        9.427675
      -51.51144       -25.75572
              0               0               1        2115.385
   1.526962e-08   -1.004227e-05       0.0278201       -136.6473
  -3.643776e-08     3.71605e-05     -0.02499548        14.42039
       2115.385        2403.846
