              0               0               0        823.0769
    0.001552365    -0.004766562      -0.8040014       -106.4839
  -0.0002423994     0.009676171       0.7286192        11.45425
      -14.35994               0
              0               0               1        823.0769
    8.57236e-07    -4.17811e-05      -0.2150201       -114.4155
     1.3832e-06    0.0002826333      0.02820481         23.1947
       823.0769        935.8974
              0               0               0        935.8974
    0.001314142    -0.007774734      -0.9665789        -125.732
  -0.0003300069      0.01239543       0.5972556         18.9536
      -18.22853               0
              0               0               1        823.0769
   5.002042e-07   -0.0001468467      -0.1604071       -106.4839
   1.290907e-06    0.0001297208      0.03540501        11.45425
       823.0769        935.8974
