              0               0               0        1019.231
   3.190283e-07    9.409484e-05       0.9902448        -52.6866
   4.469574e-07   -0.0009991384       0.1436551        79.15794
       106.2373        127.4848
              0               0               1        1019.231
  -5.127908e-07    0.0002098816      0.06129756       -31.60087
   4.190693e-06    -0.000812694       0.1570352        81.76347
       1019.231        1096.154
              0               0               0        1096.154
   2.030303e-07     2.41726e-05       0.9978956       -49.84482
  -2.183198e-07   -0.0008941204      0.07350999        89.69547
       120.0071        144.0085
              0               0               1        1019.231
    -4.8284e-07    0.0002038654      0.02411815        -52.6866
    3.87488e-06   -0.0007246997       0.1698058        79.15794
       1019.231        1096.154
