              0               0               0        3269.231
   1.016722e-06   -0.0001812211       -0.990588        132.5735
   3.613549e-06      0.00126721      -0.1365009       -24.56318
      -287.8614       -265.7182
              0               0               1        3269.231
   1.118725e-08   -3.927601e-06     -0.01513683        110.5609
  -9.715824e-08    9.418189e-06      0.01614981       -26.92518
       3269.231        3557.692
              0               0               0        3557.692
     1.2183e-06   -0.0001908866      -0.9910111        126.9693
   5.693554e-06     0.001335465       -0.133801       -21.65041
      -272.3346       -251.3858
              0               0               1        3269.231
   1.415627e-08   -4.046789e-06     -0.01943847        132.5735
  -1.114545e-07    9.059394e-06      0.01675846       -24.56318
       3269.231        3557.692
