              0               0               0       -865.3846
   7.360177e-07   -9.633661e-05       0.9689873       -108.0071
   -3.03757e-06    0.0003745328       0.2471005        47.11707
       136.8182        153.9204
              0               0               1       -865.3846
  -1.027699e-05     0.001001882       0.4328035        -91.4597
  -8.566212e-06     0.002366884        0.191662         51.4374
      -865.3846       -788.4615
              0               0               0       -788.4615
   -1.03705e-06    0.0002992796       0.9571422       -70.79307
   1.211049e-06   -0.0009880423       0.2895695        72.30886
       115.4876        129.9236
              0               0               1       -865.3846
  -1.122428e-05     0.001076706       0.4673745       -108.0071
  -8.285935e-06     0.002206368       0.2068019        47.11707
      -865.3846       -788.4615
