              0               0               0       -2576.923
   7.356704e-06   -0.0003594043       0.9690112         109.195
  -9.183065e-06    -0.000801603      -0.2375652        75.45002
       523.0184        547.9241
              0               0               1       -2576.923
   -1.25327e-08    7.012764e-08      0.01563228        133.2196
   8.442369e-09      6.1968e-06      0.01672933        68.89422
      -2576.923       -2307.692
              0               0               0       -2307.692
   7.053378e-06   -0.0003244513       0.9751231        111.8977
   -7.91899e-06   -0.0007822105       -0.211094        80.17775
        546.717        572.7511
              0               0               1       -2576.923
  -1.281032e-08   -3.040199e-07      0.01104905         109.195
   6.675501e-09    4.761043e-06      0.01579442        75.45002
      -2576.923       -2307.692
