              0               0               0        307.6923
  -4.212314e-05    -0.003155044       0.5980063        106.5849
  -7.302865e-06    -0.002405401      -0.8017497         90.5431
       271.4845        285.0587
              0               0               1        307.6923
   4.555865e-07   -0.0002796026    -0.009696041        114.0157
  -1.875126e-06    0.0005034387      0.05623892        79.19849
       307.6923        461.5385
              0               0               0        461.5385
   5.548571e-05    -0.005334371       0.5653498        100.9779
   5.558878e-05    -0.003686473      -0.8238003        104.1825
        260.759        273.7969
              0               0               1        307.6923
   3.256998e-07   -0.0002466861    -0.006202662        106.5849
  -1.900777e-06    0.0004914185       0.0580421         90.5431
       307.6923        461.5385
