              0               0               0               0
  -1.260832e-05     0.001967807        0.904842        -26.7339
  -1.624749e-05    -0.004031671       0.4269884        125.3346
       122.7177         136.353
              0               0               1               0
  -2.552095e-08    6.165472e-05     -0.00868921       -14.06222
    9.77843e-07   -0.0002723833     0.004613091        130.3659
              0        123.0769
              0               0               0        123.0769
    1.13308e-06     0.001708811       0.9066579       -26.74768
  -5.069113e-05    -0.003660267       0.4241211         123.713
       121.0118        134.4575
              0               0               1               0
  -1.099923e-07    8.760784e-05    -0.009228345        -26.7339
   9.373163e-07   -0.0002594562     0.004559592        125.3346
              0        123.0769
