              0               0               0        246.1538
  -1.837666e-05   -0.0007550173       0.9805976        38.66896
  -2.567607e-05    -0.003717244      -0.1962674        131.0978
        187.561        200.9582
              0               0               1        246.1538
  -4.182033e-07   -6.834962e-05    -0.004293828        51.62653
  -6.822544e-07    0.0003859922      0.03032449        127.7394
       246.1538        369.2308
              0               0               0        369.2308
    -1.4844e-05   -0.0006269963       0.9894758        35.94078
    4.97534e-06    -0.004644225      -0.1428936        138.8472
       190.9617        204.6019
              0               0               1        246.1538
  -6.820302e-08   -0.0001096584    -0.007636911        38.66896
  -6.310878e-07    0.0003611261      0.02807744        131.0978
       246.1538        369.2308
