              0               0               0           -5000
   0.0003593616     -0.00401785       0.8806036        102.3175
  -0.0002750581     0.001200279      -0.3936157        40.20195
       339.7517        354.5235
              0               0               1           -5000
    1.62927e-09   -1.747405e-06      0.02765647        115.6073
   1.981899e-09   -1.194221e-06     0.004506057        33.76284
          -5000       -4711.538
              0               0               0       -4711.538
   0.0003010086    -0.003561432       0.8846361        109.0245
  -0.0002492109     0.001424216      -0.3848151         41.8129
       367.5155        383.4945
              0               0               1           -5000
   8.946129e-10   -8.964827e-07        0.023435        102.3175
   7.370349e-10    3.471563e-07     0.005423179        40.20195
          -5000       -4711.538
