              0               0               0            1500
  -1.458524e-06   -0.0003649878        0.957347        101.6689
  -5.851886e-07    -0.001215204      -0.2890762        85.70782
        295.402        324.9422
              0               0               1            1500
     1.4937e-07   -8.646831e-05     -0.01741759         129.593
  -1.605969e-08   -1.383592e-05      0.02813681        76.09296
           1500        1769.231
              0               0               0        1769.231
   -1.53811e-06   -0.0002781503       0.9768223        94.03591
  -9.711718e-07    -0.001271657      -0.2143198        89.49648
       284.3439        312.7783
              0               0               1            1500
   1.310829e-07   -7.225955e-05     -0.01839821        101.6689
   5.032899e-09   -2.150295e-05      0.01949657        85.70782
           1500        1769.231
