              0               0               0        2115.385
  -1.326938e-08     5.39543e-06      -0.9973504        284.7978
   2.337213e-07   -7.457919e-05     -0.07273661       -39.20298
      -485.3446        -458.381
              0               0               1        2115.385
  -1.522194e-08     4.43519e-06     -0.02911956        257.9093
   7.522184e-08   -7.025604e-05      0.05443256       -41.21386
       2115.385        2403.846
              0               0               0        2403.846
   -1.46927e-08    8.287353e-06      -0.9939158        275.1069
   1.717894e-07   -7.519283e-05      -0.1101352       -26.66908
      -463.6029       -437.8472
              0               0               1        2115.385
  -1.887126e-08    6.960218e-06     -0.03403263        284.7978
   8.205972e-08   -7.708895e-05      0.05885988       -39.20298
       2115.385        2403.846
