              0               0               0       -634.6154
    1.92412e-05    -0.003223759      -0.7604872        89.34395
  -4.188903e-06     0.003842894      -0.6489984       -57.22587
       439.4746        453.2066
              0               0               1       -634.6154
   -1.21001e-05     0.001117513       0.1842848        78.34286
  -1.529532e-05     0.002562959     -0.05763758       -65.42413
      -634.6154       -557.6923
              0               0               0       -557.6923
   1.989661e-05     -0.00390098      -0.5974134        102.6934
  -1.459273e-06     0.003005962      -0.8016579        -51.0203
       454.8941        468.8884
              0               0               1       -634.6154
  -1.018116e-05    0.0009243796       0.1626801        89.34395
  -1.645865e-05     0.002613001     -0.02293922       -57.22587
      -634.6154       -557.6923
