              0               0               0        3115.385
   1.203118e-06   -0.0001739199      -0.9917053        135.5146
   2.201675e-06     0.001296946      -0.1280462       -26.92841
      -296.1735       -273.3909
              0               0               1        3115.385
   5.273706e-09   -2.411897e-06     -0.01461734         112.845
  -7.823537e-08    9.781474e-06      0.01689916       -29.14642
       3115.385        3384.615
              0               0               0        3384.615
   6.224702e-07   -0.0001804959      -0.9895096        130.3482
   7.599304e-06     0.001171687      -0.1444145       -22.91337
      -281.5729       -259.9134
              0               0               1        3115.385
   9.643735e-09   -3.270085e-06     -0.01900813        135.5146
   -1.08745e-07    1.568022e-05      0.01857379       -26.92841
       3115.385        3384.615
