              0               0               0       -2576.923
  -3.118387e-06   -0.0001264081       0.9811107        84.88643
   6.017177e-07   -0.0008465615      -0.1965166        80.86022
       498.1128        523.0184
              0               0               1       -2576.923
  -1.281032e-08   -3.040199e-07      0.01104905         109.195
   6.675501e-09    4.761043e-06      0.01579442        75.45002
      -2576.923       -2307.692
              0               0               0       -2307.692
  -2.885671e-06   -9.907335e-05       0.9861492        86.34227
   4.445651e-07   -0.0008169321      -0.1694617        85.13539
       520.6828         546.717
              0               0               1       -2576.923
  -1.312553e-08   -5.017253e-07     0.006493878        84.88643
   4.639142e-09    3.688208e-06      0.01454998        80.86022
      -2576.923       -2307.692
