              0               0               0       -1538.462
  -7.224732e-07    0.0001303433        0.991722       -3.528899
   1.015969e-06    -0.001029974       0.1284224        98.63637
       497.7121        526.9893
              0               0               1       -1538.462
   6.313601e-07   -0.0001385752     -0.04240644        25.59952
  -4.174517e-07    7.454763e-05       0.0260346        101.5389
      -1538.462           -1250
              0               0               0           -1250
  -9.456727e-07    0.0002465095       0.9706012        -12.8938
   1.619711e-06    -0.001005394       0.2407186        98.76462
       519.8575        550.4374
              0               0               1       -1538.462
   7.544063e-07   -0.0001585697     -0.04949793       -3.528899
  -2.146458e-07    2.889639e-05       0.0099698        98.63637
      -1538.462           -1250
