              0               0               0       -1387.179
   3.128132e-06   -0.0005686601       -0.866313        138.1941
  -7.165629e-07    0.0007216949       -0.494751        7.239574
       867.5795        897.0991
              0               0               1       -1387.179
  -5.061359e-06    0.0008031731      0.04034707        112.2058
  -3.714532e-06    0.0005645251      0.04779861       -6.754833
      -1387.179       -1274.359
              0               0               0       -1274.359
   1.794747e-06    -0.000518645      -0.8346995         145.602
   9.843088e-07    0.0005738349      -0.5468449        16.60585
       885.7232        916.2224
              0               0               1       -1387.179
  -5.355243e-06    0.0008361773      0.03948632        138.1941
  -4.983076e-06    0.0007149555      0.06578453        7.239574
      -1387.179       -1274.359
