              0               0               0       -2846.154
   5.284243e-07   -0.0001816381      -0.9744374        87.65165
  -3.733676e-06    0.0009700236      -0.2271326       -16.41183
       713.2986        737.0461
              0               0               1       -2846.154
   2.337967e-09    1.875083e-06      0.01080828        64.41592
   2.498196e-09    1.294006e-06     -0.00556691       -21.30861
      -2846.154       -2576.923
              0               0               0       -2576.923
    1.35919e-07   -0.0001733502      -0.9697086        91.72738
  -1.789942e-06     0.000853909      -0.2466641       -17.03131
       746.9818          771.85
              0               0               1       -2846.154
   2.306126e-09    1.530064e-06      0.01455933        87.65165
   1.294143e-09    3.158342e-06    -0.003245056       -16.41183
      -2846.154       -2576.923
