              0               0               0       -2307.692
    4.43376e-07   -0.0002024559      -0.9624718        96.33649
   -2.52004e-06    0.0008570669      -0.2734807       -16.93128
       780.8374        806.8341
              0               0               1       -2307.692
  -2.528817e-08    7.384776e-06      0.01532779        71.18631
  -1.121893e-08    6.779382e-06     -0.00161004       -23.50594
      -2307.692       -2038.462
              0               0               0       -2038.462
   6.567503e-07    -0.000234786      -0.9514815        101.3232
  -2.683684e-06    0.0008375146      -0.3094079       -15.83696
       814.7641         841.889
              0               0               1       -2307.692
  -2.802962e-08    6.974857e-06      0.01867595        96.33649
  -1.495865e-08    9.806024e-06     0.002508833       -16.93128
      -2307.692       -2038.462
