              0               0               0       -634.6154
  -1.039636e-05     0.000195005       0.9981577        12.77148
   8.251082e-06    -0.004566211      0.05911911        137.3239
       164.8082        178.5422
              0               0               1       -634.6154
   2.117236e-05    -0.002986617     -0.07050335        26.49005
   2.880792e-06     -0.00123308       0.2016396         137.296
      -634.6154       -557.6923
              0               0               0       -557.6923
  -2.170881e-05     0.001344625        0.972282        -1.06117
   3.033384e-05    -0.005922839       0.2302133        144.6538
       171.3283        185.6057
              0               0               1       -634.6154
    2.12128e-05    -0.002961084     -0.07756832        12.77148
   5.945923e-06    -0.001621463       0.1848334        137.3239
      -634.6154       -557.6923
