              0               0               0        1826.923
  -3.786233e-06    0.0004892434       0.9648673        434.0763
  -1.261652e-05     0.001895439      -0.2594324       -41.51076
       648.4676        676.6618
              0               0               1        1826.923
   2.142138e-07   -0.0001616345     -0.02463184        461.5841
  -3.575158e-07    0.0001912871      0.06353098       -47.60131
       1826.923        2115.385
              0               0               0        2115.385
  -3.538552e-06    0.0004144266       0.9772754        419.5416
  -1.458325e-05     0.002041879      -0.2078998       -17.52631
       621.2407        648.2512
              0               0               1        1826.923
   2.045092e-07   -0.0001537134     -0.02306391        434.0763
   -3.34887e-07    0.0001792851      0.05929522       -41.51076
       1826.923        2115.385
