              0               0               0        2307.692
   7.100428e-06   -0.0002337432       0.9736717       -99.03878
    6.99763e-06    -0.001359068       0.2636041        74.82804
       78.59405        104.7921
              0               0               1        2307.692
  -4.425552e-09    6.137763e-06     0.008194944       -73.56327
  -5.462963e-09    9.614928e-06     -0.02032025        80.92699
       2307.692        2576.923
              0               0               0        2576.923
   7.097858e-06   -0.0001878716       0.9657897       -95.20711
   9.640215e-06    -0.001487278        0.291047        69.53217
       75.21803        100.2907
              0               0               1        2307.692
  -3.790653e-09    5.345692e-06      0.01306745       -99.03878
  -6.885808e-09    1.234701e-05     -0.02249545        74.82804
       2307.692        2576.923
