              0               0               0        2576.923
  -1.326077e-06   -3.086274e-05       0.9996908         53.1109
   2.265685e-07    -0.001457783     -0.02165475        91.17455
       225.6541        250.7268
              0               0               1        2576.923
   3.436563e-09    2.426408e-06     -0.01548363        78.13552
    6.43006e-10   -3.916976e-06     -0.00499409        89.71876
       2576.923        2846.154
              0               0               0        2846.154
  -1.907297e-06    9.922872e-06       0.9999839        50.28371
  -1.852374e-06    -0.001513693    0.0008648793        88.97559
       215.5228        239.4698
              0               0               1        2576.923
   3.370169e-09    2.667978e-06     -0.01146361         53.1109
   2.144511e-10   -2.428811e-06    -0.007529208        91.17455
       2576.923        2846.154
