              0               0               0        123.0769
   4.439381e-06   -0.0006198426      -0.9826701        39.08361
    4.85823e-05     0.003406944      -0.1890396       -76.93581
       -188.301        -174.851
              0               0               1        123.0769
   1.126305e-06   -7.047986e-05    -0.009412652         25.7653
  -5.458357e-07   -7.610706e-05      0.02128708       -78.74387
       123.0769        246.1538
              0               0               0        246.1538
   1.086675e-05   -0.0008155513      -0.9817437        38.91616
   2.165016e-05     0.004156242      -0.1906037       -76.53862
      -187.6206       -174.2192
              0               0               1        123.0769
    1.16006e-06   -6.153048e-05     -0.01136008        39.08361
  -3.956738e-07   -9.376236e-05      0.02076084       -76.93581
       123.0769        246.1538
