              0               0               0        3115.385
   3.169061e-06   -0.0001677286      -0.9857721        337.8584
  -1.840538e-05    0.0009724192      -0.1673838        6.196041
      -501.2167       -478.4341
              0               0               1        3115.385
    2.31395e-08   -5.114176e-06      -0.0537108        315.3504
  -1.253788e-07    1.371042e-05      0.02245381        2.669688
       3115.385        3384.615
              0               0               0        3384.615
   4.004694e-06   -0.0002040099       -0.983642        322.3308
  -2.171084e-05     0.001105278      -0.1794176        10.85012
       -476.508       -454.8485
              0               0               1        3115.385
   2.099743e-08   -4.689822e-06     -0.05793322        337.8584
  -1.071688e-07    9.978421e-06      0.02236824        6.196041
       3115.385        3384.615
