              0               0               0       -1826.923
  -1.060558e-06    0.0001489343       0.9926659       -25.28268
   1.052809e-06    -0.001233825       0.1206708        94.57982
       448.5669        476.6024
              0               0               1       -1826.923
  -2.118942e-07    2.480026e-05     -0.01091058        2.640829
   4.785365e-08   -1.251542e-05      0.00524452        97.01631
      -1826.923       -1538.462
              0               0               0       -1538.462
  -1.248995e-06    0.0002400445       0.9808781       -32.42066
   2.210042e-06    -0.001224086        0.194415        93.93822
       468.4349        497.7121
              0               0               1       -1826.923
   -2.38129e-07    3.045704e-05     -0.01371594       -25.28268
  -1.393157e-08   -6.346867e-06    0.0007658383        94.57982
      -1826.923       -1538.462
