              0               0               0       -2038.462
  -1.205527e-06     6.15699e-05      -0.9973228       -355.5449
  -1.519917e-05    0.0008196298      0.07123683       -34.59697
       1275.886        1303.011
              0               0               1       -2038.462
  -7.286305e-08    3.043323e-05     -0.04975606       -382.5759
  -1.562274e-07   -2.470535e-05     -0.07016613       -32.36497
      -2038.462       -1769.231
              0               0               0       -1769.231
   -3.89801e-07    1.898655e-05      -0.9996656       -366.9717
  -1.463226e-05    0.0008161665      0.02008848       -56.98384
       1327.917        1356.149
              0               0               1       -2038.462
  -6.028849e-08    2.797422e-05     -0.04560377       -355.5449
  -1.457363e-07    -2.28685e-05     -0.06643059       -34.59697
      -2038.462       -1769.231
