              0               0               0        4192.308
  -1.637885e-06    0.0002698703       0.9850256        4.383147
   9.659959e-07    -0.001569014       0.1723705        71.41048
       128.1828        146.4947
              0               0               1        4192.308
    1.00133e-09    9.233933e-07    -0.002239685        22.50121
   6.905234e-09   -2.546539e-06     -0.01017142         74.0467
       4192.308        4461.538
              0               0               0        4461.538
  -2.857468e-07    0.0002722006         0.98332        5.005151
  -1.261994e-05    -0.001409161       0.1821966         68.6073
       120.3109        137.4981
              0               0               1        4192.308
  -1.895866e-09     1.68822e-06     0.001993202        4.383147
   1.270931e-08   -5.192387e-06      -0.0099351        71.41048
       4192.308        4461.538
