              0               0               0       -246.1538
    1.58233e-05     0.000812132      -0.9817779      -0.4452247
   1.112567e-05     0.004079662       0.1913791       -77.40984
       525.7664          539.25
              0               0               1       -246.1538
   6.899619e-07   -0.0002680801      0.02506411        -13.4966
   5.388821e-07   -0.0003506801       0.0427264        -74.0604
      -246.1538       -123.0769
              0               0               0       -123.0769
   7.357371e-06     0.000992342      -0.9812627      -0.2330308
  -2.932332e-05     0.005129294       0.1893168       -76.49656
       522.4913        535.8915
              0               0               1       -246.1538
   5.846401e-07   -0.0002185771      0.01976979      -0.4452247
   6.749853e-07   -0.0003912443      0.04534892       -77.40984
      -246.1538       -123.0769
