              0               0               0        246.1538
  -2.149464e-05    -0.002859123       0.6955685        96.49647
  -2.134489e-06    -0.002807118      -0.7177999         99.4215
       254.5471        267.9443
              0               0               1        246.1538
  -1.816162e-06     0.000123842     0.009318445        105.2503
   -1.38283e-07      0.00039599      0.02932327        89.29602
       246.1538        369.2308
              0               0               0        369.2308
  -1.975294e-05    -0.003088155       0.7056029        95.88733
   2.279142e-06    -0.003060336      -0.7088717        108.8784
       259.1623        272.8025
              0               0               1        246.1538
  -1.621052e-06    9.874559e-05        0.007453        96.49647
   -3.63216e-07    0.0004175264        0.030951         99.4215
       246.1538        369.2308
