              0               0               0       -2038.462
   2.063925e-07   -0.0001254019      -0.9793095        22.64884
   4.713577e-07    0.0006035276      -0.2024019       -36.47031
       896.1386        923.2634
              0               0               1       -2038.462
   9.058767e-08   -4.926087e-06     0.005200763       -4.002905
   1.268353e-08   -3.693172e-06     -0.01469437       -41.50697
      -2038.462       -1769.231
              0               0               0       -1769.231
   2.091636e-07   -0.0001513553      -0.9676968        26.24387
   2.317409e-07    0.0005789506      -0.2521094       -38.83247
       932.6716        960.9034
              0               0               1       -2038.462
   9.888813e-08   -7.615158e-06     0.008235281        22.64884
   2.909011e-08   -3.116831e-06     -0.01004319       -36.47031
      -2038.462       -1769.231
