              0               0               0        3923.077
   2.771217e-06   -0.0002293199       0.9738292        119.6226
    1.16713e-05   -0.0009380106      -0.2275256        70.57308
       252.5942        272.0245
              0               0               1        3923.077
  -3.827622e-09    2.021503e-06     -0.02733301        138.4782
   2.762399e-09   -6.562153e-07    -0.006352312        65.88367
       3923.077        4192.308
              0               0               0        4192.308
   2.673698e-06   -0.0002109165       0.9751064        113.3895
    1.15976e-05    -0.000890694      -0.2218702        68.47008
       238.0538        256.3657
              0               0               1        3923.077
  -3.285474e-09    2.013377e-06     -0.02345569        119.6226
   3.038864e-09   -7.370068e-07    -0.007832987        70.57308
       3923.077        4192.308
