              0               0               0       -2980.769
   0.0007708254     -0.04849125      0.06219982        187.5695
    0.000195276    -0.004237764       -0.730961        32.18878
       580.5494        603.7332
              0               0               1       -2980.769
    4.03005e-09   -1.154592e-06      0.02822107        172.5534
   7.670049e-09    5.246178e-06     0.006038663        15.39794
      -2980.769       -2692.308
              0               0               0       -2692.308
   0.0006973557     -0.04621304      0.07721085         196.182
   0.0001894788    -0.004883704      -0.7301896        35.72422
       610.6301        635.0175
              0               0               1       -2980.769
  -2.439839e-10   -4.883562e-07        0.030018        187.5695
    8.07144e-09    5.471891e-06      0.01000613        32.18878
      -2980.769       -2692.308
