              0               0               0        2115.385
   5.252417e-07    3.526281e-05         0.93097        239.8912
    1.40227e-06    8.934866e-05      -0.3650968        40.80686
       432.1675        459.1779
              0               0               1        2115.385
  -3.947328e-08     2.56541e-05      -0.0431456        265.0732
   7.071971e-08   -6.769103e-05      0.04352812        31.03824
       2115.385        2403.846
              0               0               0        2403.846
   3.940396e-07    3.801495e-05       0.9440355        229.4317
   1.194291e-06    0.0001083647      -0.3298424        48.07481
       412.7099        438.5043
              0               0               1        2115.385
  -3.965982e-08    2.658289e-05     -0.04062759        239.8912
   6.314461e-08   -6.045382e-05      0.03737991        40.80686
       2115.385        2403.846
