              0               0               0       -597.4359
  -1.147801e-05    -0.002721144      -0.7152835          92.624
   3.711484e-05     0.002728707      -0.6991256       -59.32122
       431.0073        445.8312
              0               0               1       -597.4359
  -9.708503e-07   -0.0002731015      0.08876333        81.38536
    -2.9963e-06    0.0008256622     -0.06533047       -68.96446
      -597.4359       -484.6154
              0               0               0       -484.6154
   9.920637e-06    -0.003648902      -0.6538809        97.70749
   1.086432e-05     0.003199892      -0.7571844       -59.02784
       430.6014        446.3687
              0               0               1       -597.4359
  -8.916688e-07   -0.0002652395       0.0863322          92.624
  -3.227508e-06    0.0007242798     -0.03803195       -59.32122
      -597.4359       -484.6154
