              0               0               0        711.5385
  -1.404922e-05    0.0007744023       0.9852848        1.413872
  -1.909835e-05    -0.004164471       0.1722203        126.5604
       148.2848        161.7652
              0               0               1        711.5385
   5.665889e-06    0.0001625703       0.1209429        14.80225
   4.894318e-06    -0.001243178      -0.2803813        128.0784
       711.5385        788.4615
              0               0               0        788.4615
  -8.471045e-06    0.0003066306        0.996596        14.03181
    1.62918e-05    -0.003798104       0.0805981         100.948
       149.8805         163.506
              0               0               1        711.5385
   4.234006e-06    0.0002522295       0.1195776        1.413872
   5.266539e-06    -0.001217838       -0.270444        126.5604
       711.5385        788.4615
