              0               0               0       -4711.538
   3.646696e-06    -0.000155187      -0.9738334        -219.746
   1.590891e-05    -0.000685378       0.2271165        26.91591
       766.2428        782.1892
              0               0               1       -4711.538
   1.879891e-09    7.585155e-08     -0.06685517       -235.2999
   8.846932e-09   -2.705485e-06     -0.00590773        30.42784
      -4711.538       -4423.077
              0               0               0       -4423.077
   3.400649e-06   -0.0001517136      -0.9754231       -237.7753
   1.481253e-05   -0.0006892791       0.2202567        25.06102
       824.1617        841.3142
              0               0               1       -4711.538
   3.209424e-09    1.656208e-07      -0.0628162        -219.746
   1.527234e-08   -2.551615e-06    -0.006965045        26.91591
      -4711.538       -4423.077
