              0               0               0       -823.0769
  -1.532898e-06    0.0003247909       0.9826236       -27.01143
  -4.329093e-06    -0.001700079       0.1853575        73.67434
        186.575         202.123
              0               0               1       -823.0769
  -3.376389e-06    0.0001138681       0.3040215       -11.66093
  -9.542143e-06     0.002155367       0.2312979        76.12902
      -823.0769       -710.2564
              0               0               0       -710.2564
  -9.058674e-06    0.0002474241        0.997691        5.888664
  -5.543322e-06     -0.00348104      0.06743766        115.6894
       160.3119        173.6712
              0               0               1       -823.0769
  -3.412853e-06    3.428241e-05       0.3311871       -27.01143
  -9.614639e-06     0.002121618        0.255424        73.67434
      -823.0769       -710.2564
