              0               0               0       -2307.692
  -3.619818e-07    2.075393e-06      -0.9951877       -290.1434
  -3.168614e-06    1.210313e-05      0.09785448       -23.65505
       1170.789        1196.786
              0               0               1       -2307.692
   2.983084e-08    1.357836e-06     -0.04875777         -316.02
   1.529455e-08   -3.317455e-05     -0.04797661       -21.15864
      -2307.692       -2038.462
              0               0               0       -2038.462
  -2.187812e-07    1.320921e-06      -0.9981346       -301.3889
  -2.814957e-06    7.308568e-06      0.06083651       -37.78099
       1221.636        1248.761
              0               0               1       -2307.692
   2.588758e-08    2.012828e-06     -0.04418744       -290.1434
   1.434656e-08   -3.060963e-05     -0.04526662       -23.65505
      -2307.692       -2038.462
