              0               0               0        2980.769
  -0.0007897877      0.04813264      0.06676817       -150.0227
  -3.769727e-05     -0.00415373       0.7297915        32.58187
              0        23.38177
              0               0               1        2980.769
   2.534072e-09   -5.009904e-07      0.02617916       -132.2429
    2.15238e-09    4.255179e-06      -0.0119633        46.89293
       2980.769        3269.231
              0               0               0        3269.231
   -0.000879871       0.0509216      0.05501656       -141.3386
  -5.283142e-05     -0.00369342       0.7305969        30.03848
              0        22.17603
              0               0               1        2980.769
  -4.636136e-10     5.86299e-07      0.02997423       -150.0227
   1.054167e-10    5.985816e-06     -0.01055255        32.58187
       2980.769        3269.231
