              0               0               0        711.5385
   2.047958e-05    -0.001786454      -0.9177389        69.32662
  -2.779944e-05      0.00416928      -0.3963545       -62.91117
      -215.9147         -202.42
              0               0               1        711.5385
  -4.312666e-06     0.001831824      0.09828732        56.66705
  -7.448918e-06     0.001726763       0.2932056       -67.56891
       711.5385        788.4615
              0               0               0        788.4615
   -4.43481e-08   -0.0005986401      -0.9467494        86.16022
   6.599544e-06     0.001774891      -0.3214596       -34.14112
       -218.759       -205.0866
              0               0               1        711.5385
  -3.814846e-06     0.001912344      0.09430644        69.32662
  -8.498474e-06      0.00193708       0.2752914       -62.91117
       711.5385        788.4615
