              0               0               0       -3653.846
  -4.778147e-05    0.0002167799       0.9499109        113.9079
   4.550577e-05    -0.001688676      -0.3403197         55.5676
       448.5315        468.9193
              0               0               1       -3653.846
  -2.282234e-08    9.501793e-06      0.02340269        132.9597
  -3.255504e-08    1.672571e-05     0.008390436        48.31295
      -3653.846       -3384.615
              0               0               0       -3384.615
  -4.259853e-05    0.0001453476         0.95046        119.3966
   4.109601e-05    -0.001763275      -0.3384878        58.84443
       473.6982        495.2299
              0               0               1       -3653.846
  -2.585606e-08    1.066226e-05      0.01939001        113.9079
  -4.288893e-08     2.07516e-05     0.009692932         55.5676
      -3653.846       -3384.615
