              0               0               0        2307.692
    8.59912e-07   -4.201233e-07      -0.9999551        122.1948
  -3.495654e-06     0.001302726    -0.001252219       -44.38642
       -313.892       -287.7343
              0               0               1        2307.692
   1.032073e-10   -4.663074e-06    -0.003815273        96.05336
   4.984858e-09   -7.983125e-06      0.02105531       -43.59039
       2307.692        2576.923
              0               0               0        2576.923
   9.655409e-07   -3.614032e-05      -0.9994988        119.7173
  -3.083394e-06     0.001310936     -0.02950347       -38.43757
      -300.3859       -275.3538
              0               0               1        2307.692
   -1.73416e-10   -4.655659e-06    -0.007935954        122.1948
   6.745585e-09   -1.044104e-05      0.02441783       -44.38642
       2307.692        2576.923
