              0               0               0        2115.385
   -1.27972e-06    3.515744e-05      -0.9959932        419.2661
   1.546392e-05    -0.000400618     -0.08930206       -29.60388
      -620.1626        -593.199
              0               0               1        2115.385
   -3.32088e-08    1.679723e-05     -0.05353725         392.411
   1.101712e-07   -0.0001048776       0.0767945        -31.9999
       2115.385        2403.846
              0               0               0        2403.846
  -1.946854e-06    4.840681e-05       -0.991942        403.1175
   1.631648e-05   -0.0003936773      -0.1265159       -12.68919
      -592.3815       -566.6258
              0               0               1        2115.385
  -3.703737e-08    1.944966e-05     -0.05851039        419.2661
    1.17259e-07   -0.0001117446      0.08111448       -29.60388
       2115.385        2403.846
