              0               0               0        307.6923
  -5.916773e-05    -0.003012814       0.3820584        119.8711
  -7.079175e-06    -0.001253656      -0.9247952        66.96512
       298.6329        312.2071
              0               0               1        307.6923
   6.248183e-07   -0.0003154571     -0.01728379        124.3541
  -1.925814e-06    0.0005515019      0.05407294        54.16304
       307.6923        461.5385
              0               0               0        461.5385
   3.309491e-05    -0.005271762       0.3445606        112.8342
   3.040675e-05    -0.002031781      -0.9377861        81.02752
       286.8349        299.8728
              0               0               1        307.6923
   5.176668e-07    -0.000292564     -0.01298231        119.8711
  -1.906508e-06     0.000529201      0.05511453        66.96512
       307.6923        461.5385
