              0               0               0        1387.179
  -4.040794e-06    0.0002422138       0.9499127        474.4572
  -1.316054e-05    0.0007888709      -0.3118268       -114.7239
       719.3057        749.2767
              0               0               1        1387.179
   -3.76297e-06     0.001000973     -0.07269644        503.0359
    5.77189e-06     -0.00183886       0.3404743       -123.7154
       1387.179            1500
              0               0               0            1500
  -3.277679e-06    0.0001936466       0.9628094        473.6453
   -1.30416e-05    0.0007705031       -0.269274       -92.80192
       708.9649        738.5051
              0               0               1        1387.179
  -3.568843e-06    0.0009498216     -0.06893014        474.4572
   5.429244e-06    -0.001730159       0.3203999       -114.7239
       1387.179            1500
