              0               0               0        4461.538
  -1.778687e-06   -0.0002328567       0.9954375        73.44007
   9.921884e-06    -0.002351879     -0.09552616        72.16216
       189.0599        206.2472
              0               0               1        4461.538
  -3.506903e-08    6.584746e-06      -0.0173481         90.4711
  -1.663373e-08    1.712789e-06    -0.008002764        69.87595
       4461.538        4730.769
              0               0               0        4730.769
  -2.759317e-06   -0.0002109273       0.9960002        69.66512
   4.729041e-06    -0.002308615     -0.08924594        69.52978
       176.6413        192.6996
              0               0               1        4461.538
  -2.744084e-08    5.341728e-06     -0.01347035        73.44007
  -1.674842e-08     1.84131e-06    -0.009059143        72.16216
       4461.538        4730.769
