              0               0               0        123.0769
   3.325681e-05     0.003445238      -0.4968626       -75.12787
   6.996569e-07     0.001982975       0.8683904       -23.86237
       -53.8003       -40.35022
              0               0               1        123.0769
  -1.115065e-07   -2.517666e-05     0.006673861       -81.10653
  -1.289013e-06    5.705894e-05      0.01416929       -11.82202
       123.0769        246.1538
              0               0               0        246.1538
  -1.690402e-05     0.004398116      -0.4975381       -74.95587
   -2.32642e-05     0.002513081       0.8669806       -23.63114
      -53.60589       -40.20442
              0               0               1        123.0769
   7.697829e-08   -5.201554e-05     0.006633394       -75.12787
  -1.296072e-06    4.083039e-05      0.01648628       -23.86237
       123.0769        246.1538
