              0               0               0        1538.462
  -1.167507e-07   -5.208999e-06      -0.9984786        472.5021
  -4.233646e-06    3.309664e-05      0.05122523       -92.70868
       -704.971       -675.5972
              0               0               1        1538.462
  -6.795651e-07    0.0004394145      -0.1051035        443.1655
   1.461109e-06    -0.001080622       0.3190281       -91.28274
       1538.462        1826.923
              0               0               0        1826.923
   2.812045e-07   -1.032806e-05      -0.9994095        461.2381
  -5.164262e-06     4.14545e-05     -0.02659829       -53.27193
       -675.683       -647.5295
              0               0               1        1538.462
  -7.360579e-07    0.0004774989      -0.1155411        472.5021
   1.545039e-06    -0.001143589       0.3380328       -92.70868
       1538.462        1826.923
