              0               0               0        2038.462
   2.076534e-06   -0.0003842726       0.9514645        140.9272
    7.49865e-06    -0.001162859      -0.3076983        77.93969
       327.9134        355.2395
              0               0               1        2038.462
   1.690498e-08   -7.252145e-06      -0.0280775        166.6825
   1.432815e-09    -1.48339e-05      0.01777891        68.81617
       2038.462        2307.692
              0               0               0        2307.692
   1.599334e-06   -0.0003364726         0.96264        133.9103
     6.9298e-06    -0.001160935        -0.27085        80.32345
       314.3762        340.5742
              0               0               1        2038.462
   1.502893e-08   -5.149705e-06     -0.02576577        140.9272
   2.335888e-09   -1.334941e-05      0.01227871        77.93969
       2038.462        2307.692
