              0               0               0        942.3077
   8.904303e-07    0.0001157024      -0.9911361       -20.83308
   2.785852e-08    0.0008917307       0.1331134       -10.00876
      -129.2142        -110.755
              0               0               1        942.3077
   2.745007e-06    -0.000465397     -0.02355534        -39.0836
   4.485623e-06    -0.000789838     0.005886001       -7.247569
       942.3077        1019.231
              0               0               0        1019.231
  -3.544318e-07     0.000212016      -0.9749345       -21.81073
  -4.463823e-06    0.0009472511       0.2222977       -14.52593
      -148.4907       -127.2777
              0               0               1        942.3077
   3.006588e-06   -0.0005245985     0.009853909       -20.83308
    5.79967e-06    -0.001016564     -0.01484357       -10.00876
       942.3077        1019.231
