              0               0               0        2038.462
  -2.394909e-07   -2.217636e-08      -0.9976637        205.4444
   2.955355e-06    1.200342e-05     -0.06813273       -48.64997
      -409.2374       -381.9549
              0               0               1        2038.462
   1.950738e-08   -1.987746e-05       -0.010276        178.2208
  -8.216996e-09   -9.466606e-06      0.03719159       -50.43985
       2038.462        2307.692
              0               0               0        2307.692
  -4.043277e-07    5.027099e-07      -0.9942684        200.4087
   3.369199e-06    3.225826e-06      -0.1067963       -38.54224
       -392.365       -366.2073
              0               0               1        2038.462
   2.152138e-08   -2.113053e-05     -0.01457518        205.4444
  -8.790023e-09   -1.171181e-05      0.04133331       -48.64997
       2038.462        2307.692
