              0               0               0        4423.077
   7.031029e-07    2.957627e-05      -0.9994953        40.26699
   7.709865e-07     0.000956303       0.0318565       -14.17077
      -155.8692       -138.5504
              0               0               1        4423.077
   -3.25431e-09    1.069011e-06    0.0003917664        22.96946
  -1.183922e-08    1.018277e-05     0.007976397       -13.32822
       4423.077        4711.538
              0               0               0        4711.538
   7.759263e-07    2.620299e-05      -0.9996845        39.18681
  -1.852135e-06      0.00111208       0.0247375       -11.14351
      -144.9776        -128.869
              0               0               1        4423.077
  -2.793359e-09    7.442209e-07    -0.003726891        40.26699
  -1.429003e-08    1.225706e-05     0.008147871       -14.17077
       4423.077        4711.538
