              0               0               0        123.0769
  -3.073921e-05     0.001754517        0.953225        -14.2453
   6.331655e-05    -0.005705008       0.2981979        128.6307
       134.4575        147.9033
              0               0               1        123.0769
  -7.279319e-07    5.623745e-05     0.003406256       -1.185992
    3.35363e-07    9.815042e-05     -0.01957938        131.7627
       123.0769        246.1538
              0               0               0        246.1538
  -2.781777e-05     0.001828473       0.9505429       -14.26793
   2.753016e-05     -0.00540954       0.3080815        128.2423
       133.9721        147.3694
              0               0               1        123.0769
  -7.882239e-07     5.22316e-05     0.005327568        -14.2453
   2.593952e-07    8.866638e-05     -0.01799823        128.6307
       123.0769        246.1538
