              0               0               0        3923.077
  -1.671954e-06     0.000188909       0.9933712        23.19787
  -5.858977e-06    -0.001547983        0.115326        76.64522
       155.4426        174.8729
              0               0               1        3923.077
  -1.753722e-09    2.003851e-06    -0.007156986        42.55845
  -1.735875e-09   -9.825139e-07    -0.009484582        78.25864
       3923.077        4192.308
              0               0               0        4192.308
  -1.202247e-06    0.0001798923       0.9932616        22.50121
  -9.825012e-06    -0.001515947       0.1158792         74.0467
       146.4947        164.8065
              0               0               1        3923.077
  -1.370084e-09    2.029999e-06    -0.003034829        23.19787
  -2.287568e-09   -6.988882e-07    -0.009297649        76.64522
       3923.077        4192.308
