              0               0               0       -1826.923
   1.371083e-07   -4.867032e-05       0.9985008        58.68487
  -2.325776e-07   -0.0007524629     -0.05202052        96.86518
       532.6732        560.7087
              0               0               1       -1826.923
  -1.130112e-07    5.881366e-06    -0.001045484        86.64303
    2.20809e-07   -2.728482e-05      0.01764156        94.81021
      -1826.923       -1538.462
              0               0               0       -1538.462
   1.792193e-07    5.454988e-06       0.9996143        54.84318
  -5.858346e-07   -0.0006963468      0.02279617         102.873
       556.2665        585.5436
              0               0               1       -1826.923
  -1.486444e-07    1.240118e-05    -0.004526388        58.68487
   1.648802e-07   -2.279129e-05      0.01368176        96.86518
      -1826.923       -1538.462
