              0               0               0       -3653.846
  -1.993818e-06    3.819791e-05       0.9997778        -25.8334
   1.654241e-07      -0.0017858      0.02527403        80.72484
       305.8169        326.2047
              0               0               1       -3653.846
  -1.895778e-08    7.308395e-06    -0.006038423       -5.451155
  -1.844466e-08    7.698465e-06      0.01069593        80.49923
      -3653.846       -3384.615
              0               0               0       -3384.615
  -1.909872e-06    7.601591e-05       0.9989625       -28.44267
  -7.837205e-07    -0.001672602      0.04711791        83.34572
        322.976        344.5078
              0               0               1       -3653.846
  -1.806634e-08    6.927064e-06     -0.01024701        -25.8334
  -3.972547e-09    8.479073e-07      0.00979436        80.72484
      -3653.846       -3384.615
