              0               0               0       -935.8974
  -9.746856e-07   -6.113543e-05       0.9994823        33.77417
   5.231053e-06    -0.001608974     -0.03308421        77.39194
       334.0923        353.7448
              0               0               1       -935.8974
   1.268429e-06   -4.131261e-06      0.09137407        53.38548
   5.282979e-06    0.0001416139      -0.1260567        76.16004
      -935.8974       -823.0769
              0               0               0       -823.0769
  -3.705979e-06   -0.0003918851       0.9849295        50.25833
   3.133566e-07    -0.002228486      -0.1733439        74.55998
       264.3146        279.8626
              0               0               1       -935.8974
   1.040849e-06    3.521981e-05       0.1288876        33.77417
   5.557429e-06    0.0001393822      -0.1115642        77.39194
      -935.8974       -823.0769
