              0               0               0        153.8462
   1.265243e-05     0.003711396      -0.4969995       -74.96685
  -8.090237e-06     0.002127921       0.8680068       -23.65891
      -53.63368       -40.22526
              0               0               1        153.8462
  -1.809215e-07   -4.740767e-05     0.007691162       -80.93307
   1.108712e-06   -0.0001557957    -0.006435923       -11.65725
       153.8462        307.6923
              0               0               0        307.6923
   5.694714e-06     0.004021375      -0.4883266       -75.65636
  -1.291322e-05     0.002259808       0.8724367       -24.52662
      -54.30641        -40.7298
              0               0               1        153.8462
  -3.638768e-07   -3.854636e-05      0.01006088       -74.96685
   8.832064e-07   -0.0001544215    -0.002787251       -23.65891
       153.8462        307.6923
