              0               0               0        484.6154
   3.976943e-05    -0.004687112       0.6467096        92.83434
    5.04317e-05    -0.003937091      -0.7621038         114.217
       248.0959        261.1536
              0               0               1        484.6154
   -7.37316e-06     0.001231285      0.03625522        100.5682
   1.832711e-05    -0.002682791      -0.1492393        103.7067
       484.6154        597.4359
              0               0               0        597.4359
   3.005406e-06    -0.004309458       0.4380738        104.3561
    1.34676e-05    -0.002036705      -0.8986707        92.25231
       271.3843        285.6677
              0               0               1        484.6154
  -9.276019e-06     0.001401241      0.06210559        92.83434
   1.616276e-05     -0.00241159      -0.1283377         114.217
       484.6154        597.4359
