              0               0               0        1019.231
   8.246997e-06   -2.362338e-05       0.9691916        295.3094
   4.458509e-05   -0.0002330136      -0.2482126        2.376483
       467.4441        488.6916
              0               0               1        1019.231
  -1.274476e-06    0.0001328323       0.5538009        315.9707
   4.890023e-07   -0.0007092563      -0.3379259       -2.574926
       1019.231        1096.154
              0               0               0        1096.154
   1.033264e-05   -9.653459e-05       0.9481892        335.9315
   3.864579e-05   -0.0003972378      -0.3193831       -25.18328
       528.0313        552.0327
              0               0               1        1019.231
  -1.247678e-06    0.0001355996       0.5250395        295.3094
   1.105577e-06   -0.0008048941      -0.3029039        2.376483
       1019.231        1096.154
