              0               0               0        935.8974
   1.223246e-06    5.556504e-05       0.9612721        143.0439
   4.565611e-06    0.0001964824      -0.2755728        47.23321
       292.2901        310.5583
              0               0               1        935.8974
   2.067922e-06    -0.000695678       0.4550554        160.6305
   -5.89623e-06     0.001117324      -0.1626852        42.29241
       935.8974        1048.718
              0               0               0        1048.718
    9.73564e-07    3.183226e-05       0.9222477        185.4751
   2.348106e-06    7.621142e-05       -0.386588        38.25677
       357.0935        379.4119
              0               0               1        935.8974
   1.777636e-06     -0.00060057       0.4212247        143.0439
  -6.507563e-06     0.001274405      -0.1405116        47.23321
       935.8974        1048.718
