              0               0               0        246.1538
  -5.384504e-06    -0.003723028        0.607386        105.2503
   1.473334e-05    -0.002892907      -0.7941643        89.29602
       267.9443        281.3415
              0               0               1        246.1538
  -1.895196e-06     0.000136052      0.01023922        112.7064
    1.52078e-07    0.0003670068      0.02704263        78.17262
       246.1538        369.2308
              0               0               0        369.2308
   2.751071e-06    -0.003896453        0.610332        104.8871
    1.60608e-05    -0.002967073      -0.7910863        98.64565
       272.8025        286.4426
              0               0               1        246.1538
  -1.816162e-06     0.000123842     0.009318445        105.2503
   -1.38283e-07      0.00039599      0.02932327        89.29602
       246.1538        369.2308
