              0               0               0        3653.846
  -9.364935e-06    0.0004426505      -0.9675874       -58.50441
   1.471515e-05     0.001020572       0.2438389       -8.459281
        -82.361       -61.77075
              0               0               1        3653.846
   -4.65286e-09    2.108711e-06      0.02044145       -78.32136
   -7.21227e-09    7.953415e-06     0.002375998       -2.877443
       3653.846        3923.077
              0               0               0        3923.077
  -1.198616e-05    0.0004638786      -0.9690066       -53.99337
   1.322823e-05     0.001065156       0.2379204       -6.930621
      -77.81075       -58.35806
              0               0               1        3653.846
  -3.419204e-09    1.240684e-06      0.01666911       -58.50441
  -6.675543e-09    8.226888e-06     0.003946824       -8.459281
       3653.846        3923.077
