              0               0               0        3269.231
  -7.779904e-07    4.830998e-05      -0.9873653        307.1501
   4.259362e-06   -0.0002688691      -0.1588247        5.463555
      -465.0069       -442.8637
              0               0               1        3269.231
   2.951044e-08   -4.907226e-06     -0.04974075        285.3019
  -1.280766e-07    4.682457e-06      0.01843034        1.861083
       3269.231        3557.692
              0               0               0        3557.692
  -1.129489e-06    5.419024e-05      -0.9844955        291.8642
   5.652452e-06   -0.0002703324      -0.1757784        8.241964
      -439.9251       -418.9763
              0               0               1        3269.231
   2.860438e-08   -4.725303e-06     -0.05400802        307.1501
   -1.15198e-07    2.735523e-06      0.01842836        5.463555
       3269.231        3557.692
