              0               0               0       -1173.077
   1.750748e-07     7.12326e-07      -0.9935156        -183.644
  -1.516869e-06    -3.82015e-06      -0.1137455       -89.17258
       1175.735         1204.38
              0               0               1       -1173.077
   -9.17694e-06     0.001503014       0.2653978       -212.0986
  -2.275329e-05     0.002646435       0.4058345       -92.46962
      -1173.077       -1096.154
              0               0               0       -1096.154
     -7.332e-09    1.521586e-06      -0.9997887       -161.6477
   2.038639e-07   -6.547873e-05     -0.02042959       -55.39266
       1039.273        1064.598
              0               0               1       -1173.077
  -7.885496e-06     0.001316026       0.2313789        -183.644
  -2.119133e-05     0.002473737        0.374244       -89.17258
      -1173.077       -1096.154
