              0               0               0       -710.2564
   1.963061e-05     0.001183924      -0.9005085       -49.45958
   1.952526e-05     0.002482208        0.435307       -44.71659
       561.7175        575.1136
              0               0               1       -710.2564
   6.224211e-06     -0.00210118       0.2282271       -61.26326
  -3.954755e-06     0.001816839      -0.3143337       -38.39277
      -710.2564       -597.4359
              0               0               0       -597.4359
   2.119969e-05     0.002878919      -0.7739839       -42.54943
   1.956178e-06      0.00350792       0.6326005       -66.56448
       579.2463        594.0702
              0               0               1       -710.2564
   6.017825e-06    -0.001995023       0.2097308       -49.45958
  -3.154386e-06     0.001693388      -0.3445502       -44.71659
      -710.2564       -597.4359
