              0               0               0       -1274.359
  -2.081044e-07     1.49231e-05      -0.9876001       -286.6233
    1.40703e-06   -9.674847e-05      -0.1569617       -117.8524
       1343.212        1373.712
              0               0               1       -1274.359
   1.486719e-07     0.001203299       0.0774891       -316.7364
  -4.645785e-06     0.002845086     -0.02578801       -122.6897
      -1274.359       -1161.538
              0               0               0       -1161.538
    -8.3908e-08    5.994282e-06      -0.9936263       -264.5053
   8.233589e-07   -5.446199e-05      -0.1126941       -92.86089
       1239.468         1267.61
              0               0               1       -1274.359
   3.764151e-07     0.001032634      0.07475277       -286.6233
  -4.286758e-06     0.002640237     -0.02179321       -117.8524
      -1274.359       -1161.538
