              0               0               0       -4711.538
  -5.106111e-06    0.0002591942       0.9957253       -30.65152
   8.016804e-06    -0.002703741      0.09069252        69.35753
       223.7051         239.684
              0               0               1       -4711.538
   9.309485e-10   -4.265833e-07    -0.009925987       -14.69554
  -3.249233e-10   -4.136489e-07      0.01044057        70.14907
      -4711.538       -4423.077
              0               0               0       -4423.077
   -3.97094e-06    0.0002318976       0.9954334       -34.72802
   1.591816e-06    -0.002339908      0.09559173        72.15874
        240.607        257.7932
              0               0               1       -4711.538
   9.202537e-10   -4.202768e-07     -0.01408723       -30.65152
  -5.286387e-10   -4.782603e-07      0.00989282        69.35753
      -4711.538       -4423.077
