              0               0               0       -4711.538
   8.144559e-07   -2.907281e-05      -0.9784091       -157.3794
   3.691242e-06   -0.0001363082       0.2066933        13.55573
       702.4568        718.4033
              0               0               1       -4711.538
   4.321704e-09    4.534246e-07     -0.05046988       -172.9857
   2.503746e-08   -2.034551e-06    -0.009332339        16.83207
      -4711.538       -4423.077
              0               0               0       -4423.077
   6.711805e-07   -2.524363e-05      -0.9798699       -170.5916
   3.121447e-06   -0.0001222093       0.1996538        11.16738
       755.5519        772.7044
              0               0               1       -4711.538
   4.273811e-09     5.39182e-07     -0.04631355       -157.3794
   2.653819e-08   -1.899592e-06    -0.009939915        13.55573
      -4711.538       -4423.077
