              0               0               0       -2403.846
   2.066718e-06    5.553156e-05       0.9462285       -140.8398
  -6.456956e-06   -0.0001600071       0.3235246        65.59831
       281.9934        307.6292
              0               0               1       -2403.846
  -1.825462e-08   -1.014751e-07     -0.02641491       -116.5112
  -2.409006e-08   -6.938958e-06    -0.006256496        73.67817
      -2403.846       -2115.385
              0               0               0       -2115.385
   1.885264e-06    6.544619e-05       0.9340626       -149.7349
  -5.261935e-06   -0.0001692303       0.3571269        61.35488
       295.2814        322.1251
              0               0               1       -2403.846
  -1.807809e-08    7.170001e-07     -0.02953879       -140.8398
   -2.93075e-08   -7.850326e-06     -0.01000733        65.59831
      -2403.846       -2115.385
