              0               0               0        3115.385
   4.282695e-07     6.48292e-05       0.9627889        225.8835
   1.709747e-06    0.0002308535      -0.2702409        49.40363
       387.9188        410.7375
              0               0               1        3115.385
    9.18831e-09    -2.19051e-06     -0.04290712         247.892
   7.393252e-09   -8.434986e-06      0.00790894        43.37759
       3115.385        3384.615
              0               0               0        3384.615
     3.7824e-07    6.830828e-05       0.9659941        215.3617
   1.628382e-06    0.0002551032      -0.2585518         50.5138
       368.9143        390.6151
              0               0               1        3115.385
   1.081347e-08   -2.413648e-06     -0.03921503        225.8835
   9.966284e-09   -8.407383e-06      0.00566462        49.40363
       3115.385        3384.615
