              0               0               0       -2576.923
   2.720307e-07   -9.481581e-05      -0.9902907        18.52945
   7.169141e-07    0.0006654856      -0.1390578       -31.26084
       821.5864        846.4545
              0               0               1       -2576.923
   3.561463e-09    4.905594e-06     0.001015886       -6.151719
  -1.363689e-09   -5.671065e-07     -0.01264892       -34.29637
      -2576.923       -2307.692
              0               0               0       -2307.692
   2.635745e-07   -0.0001073448      -0.9861383         20.2512
   2.136593e-07    0.0006362038      -0.1658734       -33.89112
       858.8276        884.8244
              0               0               1       -2576.923
   3.987709e-09    4.541117e-06     0.004883391        18.52945
   1.492226e-10    9.499194e-07     -0.01003619       -31.26084
      -2576.923       -2307.692
