              0               0               0           -1500
  -6.079736e-07   -0.0001470127      -0.9662457       -24.66176
    3.83204e-06    0.0005454337      -0.2577719       -57.85485
       1029.449        1058.826
              0               0               1           -1500
   1.788103e-06   -0.0001359761    -0.006154903       -53.18995
  -7.749475e-07    1.170913e-05     -0.03322892       -64.85966
          -1500       -1387.179
              0               0               0       -1387.179
   -6.56912e-07   -0.0001714941      -0.9569912       -24.63097
   3.559992e-06     0.000563261      -0.2902256       -61.58743
       1044.697        1074.217
              0               0               1           -1500
   2.057991e-06   -0.0001613335    -0.007720435       -24.66176
  -2.991192e-07   -1.331095e-05     -0.02777514       -57.85485
          -1500       -1387.179
