              0               0               0       -1387.179
  -2.685993e-08     7.23232e-06       -0.995625       -228.5345
   3.203703e-07   -7.766053e-05     -0.09342081       -91.87702
       1251.335        1280.854
              0               0               1       -1387.179
   2.967422e-06   -0.0001433988    -0.008940876       -257.9194
   1.015871e-05    -0.001000156      -0.1798802        -94.6942
      -1387.179       -1274.359
              0               0               0       -1274.359
  -1.030924e-07    1.241975e-05      -0.9886162       -226.3486
   7.077546e-07   -8.216268e-05      -0.1504433       -108.4858
       1282.214        1312.713
              0               0               1       -1387.179
   2.190283e-06   -5.153296e-05    -0.002689611       -228.5345
   9.253121e-06    -0.000905084      -0.1628805       -91.87702
      -1387.179       -1274.359
