              0               0               0       -3384.615
  -4.971632e-06    0.0002008431      -0.9834429       -281.3815
  -2.666003e-05     0.001085582       0.1805794        11.34185
       1011.251        1032.749
              0               0               1       -3384.615
   2.905574e-08   -1.746426e-05     -0.05939581       -302.4802
   1.276449e-07   -9.080882e-05    -0.001223477        15.46079
      -3384.615       -3115.385
              0               0               0       -3115.385
  -3.994923e-06    0.0001773985      -0.9853395       -296.9229
  -2.227898e-05     0.001009846       0.1698133        6.939433
       1064.116        1086.739
              0               0               1       -3384.615
   3.408454e-08   -2.051877e-05     -0.05467124       -281.3815
   1.602174e-07   -0.0001105788     0.001806005        11.34185
      -3384.615       -3115.385
