              0               0               0        1161.538
   1.083768e-06    0.0001796193      -0.9469935       0.5201227
   2.197721e-06    0.0005342443        0.321211       -31.32728
      -211.1343       -184.7425
              0               0               1        1161.538
   2.253317e-06   -0.0002589694     -0.03108261        -24.3277
   1.465403e-06   -0.0001613637     -0.05316748       -22.43743
       1161.538        1274.359
              0               0               0        1274.359
   3.107008e-07    0.0002286847      -0.9079481      -0.4860012
   2.525049e-07    0.0004926236       0.4190991        -41.6021
      -243.4449       -213.0143
              0               0               1        1161.538
    1.79394e-06   -0.0002565064    -0.002812845       0.5201227
   3.163896e-06   -0.0003224439     -0.09496554       -31.32728
       1161.538        1274.359
