              0               0               0       -597.4359
   1.323338e-05    0.0004670477       -0.995824        11.55029
   2.558645e-06     0.004618625      0.08886641       -88.48711
       519.9507        534.7746
              0               0               1       -597.4359
  -5.990892e-07   -9.385605e-06      0.01721846       -3.065969
  -1.613092e-06    0.0009271024      -0.1340928       -86.14649
      -597.4359       -484.6154
              0               0               0       -484.6154
   2.516053e-05    0.0001806955      -0.9973351        13.47852
  -1.152303e-07     0.005369791      0.06151649       -94.09523
       525.2048        540.9721
              0               0               1       -597.4359
   -7.48886e-07   -5.786739e-05      0.03315198        11.55029
  -1.720371e-06    0.0009670185      -0.1369102       -88.48711
      -597.4359       -484.6154
