              0               0               0       -461.5385
   4.201806e-06    -0.004507983     -0.09702827        123.7564
   1.284422e-05    0.0004530572      -0.9952023        2.367143
       400.0552        414.3553
              0               0               1       -461.5385
   9.237429e-07   -0.0002479208     -0.02360861        121.4593
    2.83264e-06   -0.0005621246     -0.07166526       -11.73415
      -461.5385       -307.6923
              0               0               0       -307.6923
   4.795355e-05    -0.005150943       -0.357853        121.1276
  -6.772329e-06      0.00200024      -0.9329357       -13.21709
       387.1257        400.9498
              0               0               1       -461.5385
   3.155708e-07   -0.0001117353    -0.007366172        123.7564
    3.11643e-06   -0.0006472147     -0.07548767        2.367143
      -461.5385       -307.6923
