              0               0               0       -461.5385
   5.627289e-06     0.002803876         0.77555       -40.75118
  -3.657195e-05     -0.00346819       0.6316014        127.0153
       128.5758         142.862
              0               0               1       -461.5385
   -2.08004e-06     0.000456884      0.07129642       -29.08286
   2.507509e-07   -0.0002295148      0.01272325         135.224
      -461.5385       -307.6923
              0               0               0       -307.6923
  -2.190107e-06     0.001754583       0.9039483        -27.7022
   -4.16586e-05    -0.003545967       0.4290133        127.5186
       124.4352        138.2614
              0               0               1       -461.5385
  -1.827607e-06    0.0004127903      0.06456916       -40.75118
  -1.974183e-07   -0.0001404986      0.02955894        127.0153
      -461.5385       -307.6923
