              0               0               0       -3557.692
  -1.078938e-06    9.425579e-05      -0.9860376       -108.1653
  -5.649118e-06    0.0005075079       0.1669201       -19.22603
       811.1924        831.9925
              0               0               1       -3557.692
   4.085529e-09   -3.938652e-06     -0.02631538       -128.6439
   9.740845e-09   -3.425423e-05     0.005727627       -15.58536
      -3557.692       -3269.231
              0               0               0       -3269.231
  -9.740086e-07    6.127743e-05       -0.984856       -114.8375
  -5.237107e-06    0.0003309455       0.1735271       -20.46788
       857.9261        879.9052
              0               0               1       -3557.692
    3.78024e-09   -3.016777e-06     -0.02257456       -108.1653
   1.123687e-08   -3.240582e-05      0.00410773       -19.22603
      -3557.692       -3269.231
