              0               0               0       -1173.077
  -1.199947e-06    1.806946e-05      -0.9910006       -325.7698
   1.040939e-05   -0.0001608636      -0.1341978       -106.8628
        1318.96        1347.606
              0               0               1       -1173.077
  -1.544411e-05     0.002412079       0.4341949       -354.1705
    -3.1223e-05     0.003631237       0.5633112       -110.5942
      -1173.077       -1096.154
              0               0               0       -1096.154
  -2.875399e-07    4.004422e-06      -0.9992757       -288.2187
   1.484256e-05   -0.0002237988     -0.03968885       -59.08002
         1165.9        1191.226
              0               0               1       -1173.077
   -1.41915e-05     0.002229922       0.4006053       -325.7698
  -2.960707e-05     0.003443165       0.5315065       -106.8628
      -1173.077       -1096.154
