              0               0               0        3846.154
   1.136095e-05   -0.0002008925       0.9486127       -72.36351
   1.531029e-05    -0.001756285       0.3434832        54.24926
       59.24303        78.99071
              0               0               1        3846.154
   1.432852e-08   -7.172919e-06      0.01440786       -53.62146
  -3.570134e-08    1.858031e-05    -0.008419539        60.46526
       3846.154        4134.615
              0               0               0        4134.615
   1.345624e-05   -0.0001839555        0.944078       -67.25484
   1.699122e-05    -0.001985145       0.3568789         52.6798
       55.65416        74.20555
              0               0               1        3846.154
   1.384047e-08   -6.925459e-06      0.01855611       -72.36351
   -3.29696e-08    1.720239e-05    -0.007659631        54.24926
       3846.154        4134.615
