              0               0               0       -123.0769
  -2.166654e-05     -0.00232463       0.8467777        77.14761
  -4.469005e-08    -0.003808132      -0.5318941        116.8443
       227.7237        241.1192
              0               0               1       -123.0769
  -5.338942e-07    5.415251e-05     0.006677241        88.02142
  -8.747153e-07    0.0001059697       0.0152863        109.0359
      -123.0769               0
              0               0               0               0
  -3.493804e-05    -0.002069779       0.8462638        77.60248
  -2.214119e-05     -0.00334391      -0.5332813         118.841
       231.8001        245.4354
              0               0               1       -123.0769
  -4.160793e-07    3.119571e-05     0.006159144        77.14761
  -9.346411e-07    0.0001100317      0.01683855        116.8443
      -123.0769               0
