              0               0               0        4423.077
  -1.498679e-08     0.000293335       0.9738962       -12.02698
  -9.188414e-06    -0.001162287       0.2264531        65.50196
       104.0726         121.418
              0               0               1        4423.077
    1.98207e-10   -2.362705e-07     0.002702482        4.953846
  -3.310315e-09    2.684891e-06     -0.01085626        69.03225
       4423.077        4711.538
              0               0               0        4711.538
  -1.732753e-07    0.0003234728       0.9723782       -10.05666
  -9.124909e-06    -0.001248072       0.2328961        62.64961
       96.82442        112.9618
              0               0               1        4423.077
   2.040124e-10   -3.343906e-07     0.006909915       -12.02698
  -3.439194e-09    3.151106e-06     -0.01051094        65.50196
       4423.077        4711.538
