              0               0               0        1173.077
   1.707256e-06    9.150305e-05      -0.9942623        130.7549
    5.41679e-06    0.0009198027       0.1070784       -64.92218
      -349.7522       -322.8482
              0               0               1        1173.077
  -8.746072e-07   -0.0001040267       0.1174996        104.1047
   9.159156e-06   -0.0006260385      -0.2749427       -61.27008
       1173.077            1250
              0               0               0            1250
   1.386897e-06    0.0001675788      -0.9822237        141.3854
   2.409594e-06    0.0009140576       0.1876351       -88.46592
      -389.6974       -359.7207
              0               0               1        1173.077
  -1.652022e-06   -8.087558e-05       0.1541933        130.7549
   1.070864e-05     -0.00075086      -0.3116749       -64.92218
       1173.077            1250
