              0               0               0       -153.8462
  -1.782657e-05    0.0009841981       0.9808756      0.09018243
   2.822728e-05     -0.00512211       0.1932694        130.9146
       147.1311        160.5067
              0               0               1       -153.8462
  -2.852351e-07    9.795375e-05     -0.01279509        13.34336
  -1.186825e-06    0.0002851258     0.002628215        132.6509
      -153.8462               0
              0               0               0               0
  -1.139725e-05    0.0008035991       0.9822293      -0.8588209
  -1.296733e-05    -0.004136483       0.1875426        133.7269
       149.9883        163.6236
              0               0               1       -153.8462
  -1.359807e-07    6.016012e-05     -0.01220545      0.09018243
  -1.240462e-06    0.0003112259   -0.0002412123        130.9146
      -153.8462               0
