              0               0               0       -153.8462
   7.071415e-06     0.002383791        0.776359       -47.79787
  -3.047561e-05    -0.002903592       0.6305002         108.257
       93.62889        107.0044
              0               0               1       -153.8462
   3.824513e-07   -8.207287e-05    -0.007457846       -36.97024
  -1.392225e-06    0.0003861361    -0.009137092        116.0979
      -153.8462               0
              0               0               0               0
   1.993852e-06      0.00250461        0.773334       -49.68287
  -2.331638e-05    -0.003093619       0.6345187        110.7443
       95.44708        109.0824
              0               0               1       -153.8462
   5.539812e-07   -0.0001328714    -0.004922793       -47.79787
  -1.373499e-06    0.0003924159     -0.01169484         108.257
      -153.8462               0
