              0               0               0        557.6923
   9.215393e-06     0.001291313      -0.9701141       -6.271142
  -2.245806e-05     0.005222258       0.2388986       -91.29182
      -173.5573       -157.7793
              0               0               1        557.6923
  -2.906551e-06    0.0005864164      0.02887195       -21.21988
   3.457293e-06    0.0001995603     0.007472796       -86.31066
       557.6923        634.6154
              0               0               0        634.6154
   1.949942e-05    0.0008684641      -0.9796395       -2.589319
   1.439904e-05     0.004349507       0.2000341       -86.94753
      -163.0041       -148.1856
              0               0               1        557.6923
  -2.961826e-06    0.0005246784      0.02502942       -6.271142
   2.655337e-06    0.0003502713      0.01381972       -91.29182
       557.6923        634.6154
