              0               0               0        788.4615
   8.064256e-07   -0.0003569257       0.9948306        41.24812
   3.517983e-05    -0.003252801      -0.1008283        100.6048
       177.1315         190.757
              0               0               1        788.4615
    -1.0062e-05     0.001941342       0.2691345        54.73896
   1.027339e-05   -0.0004151633      -0.4108871         98.7161
       788.4615        865.3846
              0               0               0        865.3846
   2.168564e-06   -0.0002814431       0.9816565        67.02108
   1.398997e-05    -0.001416885      -0.1906176        72.61138
       203.7912        219.4674
              0               0               1        788.4615
  -9.143652e-06     0.001705485       0.2579618        41.24812
   9.829611e-06   -0.0002865391      -0.4000369        100.6048
       788.4615        865.3846
