              0               0               0        153.8462
  -8.450469e-06      0.00246665       0.8457559       -38.46746
  -1.948747e-05    -0.003848189       0.5338164        116.9334
       107.2301        120.6338
              0               0               1        153.8462
   1.374005e-07   -3.073367e-05    0.0002845442       -26.70835
   6.463988e-07    8.227114e-05      -0.0180517        123.3502
       153.8462        307.6923
              0               0               0        307.6923
  -3.239448e-05     0.002937272       0.8443835       -38.81372
   2.783514e-05    -0.004671397       0.5350262        118.4026
       108.5938         122.168
              0               0               1        153.8462
   2.434651e-07   -5.521141e-05    0.0004809122       -38.46746
   7.013405e-07    7.014514e-05     -0.01784137        116.9334
       153.8462        307.6923
