              0               0               0        3653.846
   4.065481e-07     3.11983e-05      -0.9991863        63.68156
   6.892876e-07    0.0007440523      0.04069037        -25.2639
      -205.9025       -185.3123
              0               0               1        3653.846
   7.323832e-10   -1.596586e-06    -0.003278817        43.12484
   -1.61319e-08    2.255982e-05     0.007107724       -24.10461
       3653.846        3923.077
              0               0               0        3923.077
   4.550969e-07    2.479547e-05      -0.9995893        61.57261
    1.36157e-07    0.0008291292      0.02902497       -21.74992
      -194.5269       -175.0742
              0               0               1        3653.846
   1.325379e-09   -2.144846e-06    -0.007351855        63.68156
  -2.262428e-08    2.938418e-05     0.006780718        -25.2639
       3653.846        3923.077
