              0               0               0       -1274.359
   1.675485e-06   -0.0001126588      -0.9886689       -376.9339
  -1.190303e-05    0.0007693506      -0.1490565       -132.5405
        1434.71         1465.21
              0               0               1       -1274.359
  -5.528048e-07      0.00171929      0.08574714       -407.1448
  -5.703836e-06     0.003457255      -0.0384556       -136.7087
      -1274.359       -1161.538
              0               0               0       -1161.538
   1.355393e-06   -8.031127e-05      -0.9943816        -348.364
  -1.367137e-05    0.0007853498      -0.1045361       -102.6081
       1323.893        1352.034
              0               0               1       -1274.359
  -3.072939e-07     0.001543291      0.08302916       -376.9339
  -5.378539e-06      0.00325953     -0.03397091       -132.5405
      -1274.359       -1161.538
