              0               0               0       -788.4615
   3.756244e-06   -0.0001362987      -0.9983631        24.64577
   1.007722e-05     0.002035993     -0.05911326       -30.37124
       505.5618        520.0281
              0               0               1       -788.4615
  -5.928658e-06    0.0001685687       0.2562338        10.18601
   7.396176e-06     -0.00104242      -0.3359421        -30.7698
      -788.4615       -711.5385
              0               0               0       -711.5385
   4.230124e-06   -0.0005921335      -0.9814595        41.44113
   3.796163e-05     0.002839648      -0.1921718       -57.43947
       468.0016        481.3998
              0               0               1       -788.4615
  -5.846329e-06    0.0003112157       0.2289937        24.64577
   6.544226e-06   -0.0009319607       -0.318921       -30.37124
      -788.4615       -711.5385
