              0               0               0        1538.462
  -6.590605e-07   -1.489343e-05       0.9992543       -15.44584
  -2.049321e-06   -0.0007189281     -0.03453379        103.6494
       176.5495        205.9744
              0               0               1        1538.462
    -3.2113e-07    0.0002332033      -0.0591769        13.92745
  -9.889785e-08    6.885667e-05     -0.02475029        101.9586
       1538.462        1826.923
              0               0               0        1826.923
  -5.783318e-07    4.399579e-05       0.9988933       -19.63106
   -3.19178e-06   -0.0007269222      0.04435553         97.5736
       169.1655        197.3597
              0               0               1        1538.462
  -2.652314e-07    0.0001954139     -0.04880822       -15.44584
  -1.819336e-07    0.0001315084      -0.0438592        103.6494
       1538.462        1826.923
