              0               0               0       -557.6923
  -3.243545e-05    -0.003573318       0.5104105        109.2655
  -1.608079e-06    -0.002087198      -0.8605921        96.86676
       299.8245        314.1019
              0               0               1       -557.6923
  -1.248664e-06    0.0006007107     -0.05102473          115.73
   3.370552e-06    -0.001769796       0.1666354        84.14964
      -557.6923       -461.5385
              0               0               0       -461.5385
   1.250392e-05    -0.004535727       0.5268109        108.6308
   2.302976e-05    -0.002768955      -0.8497536        99.44365
       300.0101        314.2963
              0               0               1       -557.6923
  -1.708169e-06    0.0007638342     -0.06425364        109.2655
   3.364887e-06    -0.001758494       0.1647753        96.86676
      -557.6923       -461.5385
