              0               0               0        246.1538
   5.199183e-06     0.004171999       0.2708941       -85.36044
  -1.984699e-05    -0.001061617       0.9622801        53.81585
       26.79443        40.19164
              0               0               1        246.1538
   1.739057e-06   -0.0002133817     -0.01653278        -80.9699
    2.88457e-06   -0.0001757703     -0.01166807        66.46945
       246.1538        369.2308
              0               0               0        369.2308
  -5.609589e-06     0.004686455       0.2104121       -86.72251
  -1.399415e-05    -0.001035235       0.9779858        54.63698
       27.28025        40.92037
              0               0               1        246.1538
   1.467038e-06   -0.0001655671     -0.01291187       -85.36044
   3.335981e-06   -0.0002280417     -0.01579484        53.81585
       246.1538        369.2308
