              0               0               0       -4461.538
   7.373494e-06   -0.0005425971      -0.9734792         82.9808
  -6.567528e-07     0.001349438      -0.2184746       -3.302368
        493.564         510.559
              0               0               1       -4461.538
  -9.773507e-09    5.064095e-06      0.01187689        66.31607
   2.630124e-09   -1.363864e-06    -0.006823558       -6.628795
      -4461.538       -4192.308
              0               0               0       -4192.308
   5.781722e-06   -0.0004920067      -0.9719923        87.43015
   2.630689e-06     0.001142846      -0.2246787       -4.833063
       526.1821        544.3026
              0               0               1       -4461.538
  -1.205377e-08    6.428764e-06      0.01566906         82.9808
     2.1336e-09   -1.204174e-06    -0.005515895       -3.302368
      -4461.538       -4192.308
