              0               0               0       -3923.077
   1.119601e-07   -5.001917e-06      -0.9808538        -137.092
   5.559919e-07   -2.471049e-05       0.1947374       -6.887603
       789.9181         809.178
              0               0               1       -3923.077
    5.16236e-08   -1.241588e-05      -0.0404044       -155.9842
   3.541154e-07   -8.833322e-05     -0.03401549       -3.142165
      -3923.077       -3653.846
              0               0               0       -3653.846
   1.074496e-07    1.897231e-05      -0.9839699       -146.6325
    5.43935e-07    0.0001042916        0.178341        -15.4894
       837.0413        857.5005
              0               0               1       -3923.077
   4.544294e-08   -1.063282e-05     -0.03586759        -137.092
   3.462815e-07   -8.609559e-05     -0.03387025       -6.887603
      -3923.077       -3653.846
