              0               0               0        3384.615
   4.105573e-07    2.212639e-05      -0.9997001        65.55134
   3.498273e-07    0.0007951429        0.025434       -26.38827
      -216.5945       -194.9351
              0               0               1        3384.615
  -1.079343e-09   -7.248096e-07    -0.002653826        43.91294
   5.522976e-08   -2.204884e-05     0.006970152        -25.4608
       3384.615        3653.846
              0               0               0        3653.846
   4.065481e-07     3.11983e-05      -0.9991863        63.68156
   6.892876e-07    0.0007440523      0.04069037        -25.2639
      -205.9025       -185.3123
              0               0               1        3384.615
  -2.352076e-09   -2.450925e-07     -0.00670841        65.55134
   7.320976e-08   -2.974678e-05      0.00687834       -26.38827
       3384.615        3653.846
