              0               0               0       -461.5385
  -9.749517e-06     0.001781864       0.9280673       -16.27392
  -2.864475e-05    -0.004479395       0.3741812        141.5217
       157.1481        171.4343
              0               0               1       -461.5385
  -2.331684e-06    0.0004910309      0.07663211       -2.680123
   1.097284e-06   -0.0003837556     -0.01994668        145.8696
      -461.5385       -307.6923
              0               0               0       -307.6923
  -9.431654e-06    0.0006887883       0.9837369       -1.466983
   -3.18009e-05    -0.003756461       0.1822137        135.9963
       152.0875        165.9136
              0               0               1       -461.5385
  -2.250987e-06    0.0004832202      0.07518132       -16.27392
   7.360816e-07    -0.000322781    -0.003678582        141.5217
      -461.5385       -307.6923
