              0               0               0        788.4615
   3.117024e-05     0.002422339      -0.7802947       -82.01803
  -4.116962e-05     0.003526849       0.6292093       -8.158558
      -41.01732       -27.34488
              0               0               1        788.4615
    3.69686e-07   -0.0003010782     -0.08068876       -92.15408
   2.179641e-07    0.0001545355      0.04039825       0.9983377
       788.4615        865.3846
              0               0               0        865.3846
   9.831741e-05    -9.58469e-05      -0.9468525       -85.48838
  -1.453515e-05     0.002408371       0.3471959      -0.8580693
      -47.02151       -31.34767
              0               0               1        788.4615
  -1.675835e-07   -0.0003296518     -0.01876513       -82.01803
  -1.901244e-06    0.0002501874      0.08691113       -8.158558
       788.4615        865.3846
