              0               0               0        823.0769
   -0.001601392      0.06210902      0.01943261       -114.4155
  -0.0001807537   -0.0007663509       0.8565636         23.1947
              0        14.32386
              0               0               1        823.0769
   8.388868e-07     -0.00012929      -0.1528258       -106.1003
   1.528171e-06    0.0003279293      0.01548086        34.77556
       823.0769        935.8974
              0               0               0        935.8974
   -0.001360124      0.06408987      0.05996333       -137.9749
  -5.586423e-05    -0.005651194       0.7201931        31.96059
              0        18.26813
              0               0               1        823.0769
    8.57236e-07    -4.17811e-05      -0.2150201       -114.4155
     1.3832e-06    0.0002826333      0.02820481         23.1947
       823.0769        935.8974
