              0               0               0        935.8974
   2.250449e-06   -0.0002286022      -0.9916114        88.16693
   -2.23892e-06     0.001722564      -0.1281042       -12.07834
      -236.9709       -218.7424
              0               0               1        935.8974
   2.733333e-06   -0.0008075556       0.2104085        70.02898
   7.971498e-06    -0.002086556     -0.05015951       -13.85468
       935.8974        1048.718
              0               0               0        1048.718
   1.431982e-06   -2.557505e-05      -0.9998208        109.6892
   3.279429e-06     0.001281441     -0.01452087       -34.97402
      -289.6751       -267.3924
              0               0               1        935.8974
   2.778255e-06   -0.0008376735        0.249909        88.16693
   8.476413e-06    -0.002230769     -0.05915422       -12.07834
       935.8974        1048.718
