              0               0               0        484.6154
  -2.003294e-06     0.003870711      -0.6623973       -58.98054
  -2.203031e-05     0.003432308       0.7488052       -58.39961
      -108.6052       -93.09017
              0               0               1        484.6154
   2.740924e-06    0.0001329798     -0.07904674        -68.3334
  -4.819303e-06    0.0003135408      0.08765051       -46.03794
       484.6154        597.4359
              0               0               0        597.4359
   1.242261e-05     0.003899392       -0.595777       -64.08952
  -1.517952e-05     0.002974434       0.8030093       -50.84553
      -97.86531       -83.88455
              0               0               1        484.6154
   4.093715e-06    1.649861e-05     -0.09925222       -58.98054
  -5.100871e-06    0.0005062996      0.07476191       -58.39961
       484.6154        597.4359
