              0               0               0        3269.231
    4.78571e-05    -0.000139969      -0.9588767       -86.31237
  -1.325137e-05     0.001724554       0.3123642       -3.417283
      -66.42956       -44.28637
              0               0               1        3269.231
   2.345288e-09   -2.505486e-06      0.02484996        -107.094
  -1.158153e-08     5.50762e-06   -0.0006946319        4.201166
       3269.231        3557.692
              0               0               0        3557.692
   5.467643e-05   -0.0001843784      -0.9626098       -80.33414
  -1.196015e-05      0.00179792       0.3008051       -2.799488
      -62.84645       -41.89763
              0               0               1        3269.231
    2.14439e-09   -2.425426e-06      0.02124576       -86.31237
  -1.750358e-08    6.422467e-06     0.001745529       -3.417283
       3269.231        3557.692
