              0               0               0           -5000
  -3.236442e-07    -0.000213508       0.9972872        2.871398
   2.844721e-05    -0.002817345     -0.07145843        66.63906
        236.349        251.1208
              0               0               1           -5000
   1.019648e-09    -1.31388e-06    -0.001022866        17.55551
   1.172201e-09   -1.234125e-06      0.01105764        65.06042
          -5000       -4711.538
              0               0               0       -4711.538
  -2.248332e-06   -0.0001457227       0.9979994        1.275008
   7.603044e-06    -0.002267247     -0.06286299        69.72792
        255.663        271.6419
              0               0               1           -5000
   9.788686e-10   -1.274589e-06    -0.005247936        2.871398
   1.246369e-09   -1.348764e-06      0.01099341        66.63906
          -5000       -4711.538
