              0               0               0       -4730.769
    1.37568e-06    1.033746e-05      -0.9999646       -16.00941
   1.227741e-05     0.001038491      0.01153516       -10.63182
       556.1367        572.0098
              0               0               1       -4730.769
  -2.302683e-08    1.549275e-05     -0.01505941       -31.87382
  -1.895165e-08    1.201808e-05      -0.0131057       -10.13796
      -4730.769       -4461.538
              0               0               0       -4461.538
    1.34052e-06   -1.268652e-06       -1.000015        -18.2657
   1.008728e-05     0.001039894     0.003888651       -13.58109
       595.5336        612.5285
              0               0               1       -4730.769
  -1.517768e-08     1.05355e-05     -0.01011684       -16.00941
  -1.850954e-08    1.182082e-05     -0.01279529       -10.63182
      -4730.769       -4461.538
