              0               0               0        1826.923
   2.812045e-07   -1.032806e-05      -0.9994095        461.2381
  -5.164262e-06     4.14545e-05     -0.02659829       -53.27193
       -675.683       -647.5295
              0               0               1        1826.923
   1.942724e-07   -0.0001486707      -0.0212351        433.0994
  -3.415178e-07    0.0001837996       0.0603294       -54.10315
       1826.923        2115.385
              0               0               0        2115.385
   5.926669e-07   -1.278384e-05      -0.9965965        446.1356
    -5.4557e-06    4.069782e-05     -0.07959733       -27.38029
      -647.1262       -620.1626
              0               0               1        1826.923
   2.097081e-07   -0.0001594742     -0.02380315        461.2381
  -3.606179e-07    0.0001934633      0.06395802       -53.27193
       1826.923        2115.385
