              0               0               0       -4461.538
   2.971818e-08   -2.560537e-05      -0.9788159       -152.1663
   1.271607e-07   -0.0001227273        0.204738        8.058429
       731.4929        748.4878
              0               0               1       -4461.538
   2.372361e-08    -1.46783e-05     -0.04360334       -168.8084
   8.908438e-09   -5.573958e-06    -0.008590145        11.50311
      -4461.538       -4192.308
              0               0               0       -4192.308
  -8.821516e-09   -2.141176e-05      -0.9801438        -163.381
  -5.231007e-08   -0.0001061617       0.1982838        5.402376
       779.8687        797.9892
              0               0               1       -4461.538
   2.123608e-08   -1.326988e-05     -0.03962141       -152.1663
   8.845984e-09   -5.699443e-06    -0.008972078        8.058429
      -4461.538       -4192.308
