              0               0               0       -935.8974
  -2.043239e-06    0.0001856296       0.9944744       -5.475576
   4.771756e-08    -0.001816748       0.1055364        76.02157
       294.7874        314.4398
              0               0               1       -935.8974
   7.558834e-07    7.695059e-05       0.1655215        14.12451
   5.778275e-06    0.0001341657     -0.09464996        77.39432
      -935.8974       -823.0769
              0               0               0       -823.0769
  -2.425995e-06   -0.0001089899       0.9996249        19.35704
    1.03044e-05    -0.002647442     -0.03015473        77.79148
       233.2188        248.7667
              0               0               1       -935.8974
   4.323364e-07    0.0001207873        0.200977       -5.475576
   5.902396e-06    0.0001354821     -0.07472579        76.02157
      -935.8974       -823.0769
