              0               0               0       -1161.538
  -4.123087e-06    0.0001162351       0.9543945       -432.3777
   1.351576e-05   -0.0003810267       0.2968525        -110.724
              0        28.19129
              0               0               1       -1161.538
  -6.601267e-06     0.001636782       0.4923609       -405.4721
  -9.791306e-06     0.001599945        0.547382       -102.3553
      -1161.538       -1048.718
              0               0               0       -1048.718
  -3.126631e-06    7.410395e-05       0.9841817       -361.8956
   1.845569e-05   -0.0004374164       0.1758958       -38.46408
              0        23.70089
              0               0               1       -1161.538
  -6.814312e-06      0.00171419        0.518068       -432.3777
  -1.029056e-05     0.001698613       0.5798301        -110.724
      -1161.538       -1048.718
