              0               0               0        788.4615
    5.23659e-06    0.0007920871      -0.9646607       -21.35365
   -7.26386e-06     0.002997887       0.2632387       -38.66481
      -109.3795       -95.70708
              0               0               1        788.4615
  -8.693275e-07    -0.000324821         0.15603       -34.38146
  -7.366628e-06    0.0002422598       0.2689847       -34.52385
       788.4615        865.3846
              0               0               0        865.3846
   5.158199e-07    0.0001460849      -0.9942145       -9.151577
    -1.4662e-06     0.001266754       0.1075006       -17.74277
      -125.3907       -109.7169
              0               0               1        788.4615
  -1.142886e-06   -0.0002372784       0.1836418       -21.35365
  -8.209717e-06    0.0002036503       0.3048993       -38.66481
       788.4615        865.3846
