              0               0               0        461.5385
   -0.000227884     0.004501451      0.05376761        118.3812
  -6.031579e-06    2.868747e-05      -0.9956218         27.2292
      -371.5525       -356.0711
              0               0               1        461.5385
   4.041298e-06   -0.0002585858     -0.06626693        119.4469
   -1.81587e-06   -0.0001928703      0.07727753        11.80012
       461.5385        557.6923
              0               0               0        557.6923
  -7.109536e-05     0.002700354      0.00663553        113.7794
  -1.078244e-05    0.0001453646      -0.9927991        31.50364
      -378.6704       -362.8925
              0               0               1        461.5385
   2.075959e-06    3.343716e-05     -0.07026783        118.3812
  -1.807778e-06   -0.0002702117      0.08715001         27.2292
       461.5385        557.6923
