              0               0               0        865.3846
  -7.159746e-06    0.0002770977       0.9740308        188.6594
  -3.707246e-05     0.001264946      -0.2254636        42.15424
       329.2011        344.8773
              0               0               1        865.3846
  -2.392314e-06   -0.0003888632       0.6892806         203.969
  -4.509509e-06    0.0007289235      -0.2491012        38.78785
       865.3846        942.3077
              0               0               0        942.3077
  -4.942394e-06    0.0002478782       0.9853091        235.3244
  -3.660269e-05     0.001550313      -0.1689569        24.71285
       388.3849        406.8794
              0               0               1        865.3846
  -2.354181e-06   -0.0003242491       0.6455178        188.6594
  -4.489982e-06     0.001064356      -0.2820437        42.15424
       865.3846        942.3077
