              0               0               0        4423.077
   7.046377e-07    3.812097e-05       0.9708387        158.7758
   3.057503e-06    0.0001534351      -0.2397312        54.49151
       277.5269        294.8723
              0               0               1        4423.077
   1.383506e-10   -1.819574e-07     -0.03809593        175.6306
   1.305421e-09   -2.473366e-06    -0.001355573        50.39539
       4423.077        4711.538
              0               0               0        4711.538
   3.594098e-07     4.98558e-05       0.9725736        148.9202
   1.724141e-06    0.0002071142      -0.2325822        53.52198
       258.1985        274.3359
              0               0               1        4423.077
   2.772514e-10   -2.690068e-07     -0.03411146        158.7758
   1.932652e-09   -2.785176e-06    -0.002718463        54.49151
       4423.077        4711.538
