              0               0               0       -307.6923
  -1.509797e-05    -0.001803322       0.9036706        65.95454
  -3.863411e-06    -0.003787425      -0.4278161         127.294
       221.2182        235.0443
              0               0               1       -307.6923
   1.680485e-06   -0.0005503317      0.03874894        78.06418
  -9.314232e-07    0.0005360453      -0.0860746        120.6447
      -307.6923       -153.8462
              0               0               0       -153.8462
  -2.325613e-06    -0.002257489       0.9070156        65.39676
   3.376016e-05    -0.004986251      -0.4196572        123.1228
       214.0089        227.3844
              0               0               1       -307.6923
   1.682764e-06   -0.0005703038      0.04428473        65.95454
  -7.392699e-07    0.0004800629     -0.08347138         127.294
      -307.6923       -153.8462
