              0               0               0           -5000
   1.242416e-06    1.010675e-05       0.9736466       -84.65281
  -5.064588e-06   -4.589946e-05       0.2280379         55.5402
       147.7181          162.49
              0               0               1           -5000
   8.835761e-10   -1.074405e-06      -0.0258239       -70.26408
  -1.124597e-09   -5.441221e-08     0.006894529        58.88239
          -5000       -4711.538
              0               0               0       -4711.538
   1.150494e-06    5.682224e-06       0.9722122       -93.32253
  -4.208032e-06   -2.922059e-05       0.2340406        57.12458
       159.7894        175.7683
              0               0               1           -5000
   8.050296e-10   -9.644798e-07      -0.0298438       -84.65281
  -9.764336e-10   -3.417109e-07     0.005672363         55.5402
          -5000       -4711.538
