              0               0               0       -307.6923
   2.545505e-05    0.0007176813      -0.9836151       -1.292657
   3.207508e-05     0.003969108       0.1845474       -81.26921
       539.1909         553.015
              0               0               1       -307.6923
  -2.535061e-06    0.0008479193     -0.06021858       -14.68585
   4.280361e-07   -0.0003975496      0.08292349       -77.87475
      -307.6923       -153.8462
              0               0               0       -153.8462
   1.351865e-05    0.0009250478      -0.9822086      -0.1675248
  -1.400682e-05     0.004874634       0.1885308       -76.33001
       521.7186        535.0993
              0               0               1       -307.6923
  -2.527057e-06     0.000866983     -0.06625665       -1.292657
    1.81908e-07   -0.0003107659       0.0756094       -81.26921
      -307.6923       -153.8462
