              0               0               0       -1173.077
  -2.867387e-05    0.0004739776        1.007633        137.6781
   1.659736e-05    -0.001208734      -0.0461706        106.9729
       631.3231        660.0196
              0               0               1       -1173.077
  -5.353996e-07   -5.154711e-05     -0.04286939        166.3064
   8.839779e-06    -0.001025521      -0.2154904        105.0448
      -1173.077       -1096.154
              0               0               0       -1096.154
   -3.40874e-05     0.000389384       0.9990807        137.4263
   2.731307e-05    -0.001553076       -0.138153        90.48137
       557.9782        583.3408
              0               0               1       -1173.077
  -2.108239e-06    0.0001660323    -0.003570071        137.6781
    7.52766e-06   -0.0008846368      -0.1908833        106.9729
      -1173.077       -1096.154
