              0               0               0        1096.154
  -6.198289e-06    0.0006474596       0.9614122        358.7767
   -2.04433e-05     0.002385424      -0.2716638       -32.54343
       552.0327        576.0342
              0               0               1        1096.154
   2.038823e-06   -0.0001763794       0.5815489        382.1392
  -5.919932e-06   -0.0006875888      -0.4679425       -37.97224
       1096.154        1173.077
              0               0               0        1173.077
   -5.18831e-06    0.0006754093       0.9368772        401.1268
  -1.280321e-05     0.001879655       -0.347139       -72.49201
        619.693        646.6362
              0               0               1        1096.154
   1.917301e-06   -0.0001612775       0.5516128        358.7767
  -5.930551e-06   -0.0005964096      -0.4383618       -32.54343
       1096.154        1173.077
