              0               0               0       -2846.154
  -2.092826e-07   -9.195218e-05       0.9727846       -265.0756
   1.027835e-06    0.0003488735       0.2322311        29.10174
       118.9123        142.6948
              0               0               1       -2846.154
   4.636943e-09   -7.983159e-07     -0.04648996       -241.9952
  -2.859363e-09   -1.369571e-05     -0.01542104        34.83592
      -2846.154       -2576.923
              0               0               0       -2576.923
  -3.205317e-07   -9.082645e-05       0.9678997        -278.524
   1.380896e-06     0.000314779        0.251873        23.14591
       124.5282        149.4338
              0               0               1       -2846.154
   4.656171e-09   -4.016787e-07     -0.05018049       -265.0756
  -3.166345e-09   -1.478924e-05      -0.0179104        29.10174
      -2846.154       -2576.923
