              0               0               0        1274.359
  -9.349666e-07   -0.0001623347       0.9828991        21.68008
  -1.525152e-06   -0.0008685254      -0.1843248        104.7652
       213.3476        243.8258
              0               0               1        1274.359
   5.781721e-06    -0.001538236      0.06542695        51.45984
   1.119657e-06   -0.0002960204      0.02058057        98.29738
       1274.359        1387.179
              0               0               0        1387.179
  -8.649209e-07   -0.0001225976       0.9905215        18.01111
  -1.640184e-06   -0.0008813178      -0.1376879        103.4217
       209.7975        239.7686
              0               0               1        1274.359
   4.863513e-06    -0.001292028      0.05134176        21.68008
   2.460604e-06    -0.000650415      0.03015202        104.7652
       1274.359        1387.179
