              0               0               0        3923.077
   3.265168e-07   -1.268865e-05       0.9997967        328.6966
  -3.010362e-05     0.001169846     -0.01092032        28.51638
       466.3277         485.758
              0               0               1        3923.077
  -9.338751e-09    1.488333e-06     -0.07048996        348.1206
   1.538466e-09   -3.025922e-06     0.008487889        28.52503
       3923.077        4192.308
              0               0               0        4192.308
   7.708823e-08   -2.823254e-06       0.9998576        310.7594
  -3.320209e-05     0.001215982    -0.004299276        30.49577
        439.484        457.7959
              0               0               1        3923.077
  -8.790714e-09    1.457692e-06     -0.06637918        328.6966
    1.51353e-09   -2.975691e-06     0.008043455        28.51638
       3923.077        4192.308
