              0               0               0       -1019.231
   3.398537e-06    0.0002745198       0.9281516        -87.6998
  -1.170778e-05    -0.000660676       0.3723644        63.27337
       271.8594        294.5144
              0               0               1       -1019.231
  -3.119022e-06    0.0004030467       0.2569611       -66.49216
  -2.129215e-07   -0.0003947658      0.00768027        71.23405
      -1019.231       -942.3077
              0               0               0       -942.3077
   2.953479e-06     0.000253141       0.9528596       -64.82756
   -1.32535e-05   -0.0007724684       0.3035462        63.76675
       238.5694        258.4502
              0               0               1       -1019.231
  -3.239201e-06    0.0004404487       0.2826253        -87.6998
  -7.270324e-07   -0.0003459545      0.03732776        63.27337
      -1019.231       -942.3077
