              0               0               0        4730.769
   1.400549e-07     0.000112583       0.9776777        179.5606
   2.505706e-06    0.0005151522      -0.2101599        46.29257
       289.0495        305.1078
              0               0               1        4730.769
   3.186323e-07   -5.459615e-05     -0.05456394          195.29
   6.109738e-09   -2.661184e-06    -6.01886e-05        43.06098
       4730.769            5000
              0               0               0            5000
  -2.572621e-07    0.0001272907       0.9789897        168.2131
   5.230037e-07    0.0006079136      -0.2039192        45.87904
       268.8047        283.7383
              0               0               1        4730.769
   2.910056e-07   -4.991033e-05     -0.04980377        179.5606
    1.42574e-08   -3.993861e-06    -0.001494146        46.29257
       4730.769            5000
