              0               0               0        3269.231
   5.381411e-07    8.551764e-05       0.9682842        241.3248
   3.000991e-06    0.0003243045      -0.2499278        44.49675
       399.1686        421.3446
              0               0               1        3269.231
  -6.867894e-10    1.044754e-06      -0.0463852        262.8454
   7.947406e-09   -8.662872e-06     0.007770213        39.14656
       3269.231        3557.692
              0               0               0        3557.692
   2.800775e-07    9.748574e-05       0.9704681        229.1462
   2.175768e-06    0.0003851022      -0.2412901        45.72677
       377.3334        398.2964
              0               0               1        3269.231
  -5.298025e-10    1.268718e-06     -0.04254098        241.3248
   8.766589e-09    -8.11254e-06     0.005874744        44.49675
       3269.231        3557.692
