              0               0               0               0
  -5.113121e-05    -0.003305832       0.3733263         120.426
  -1.064577e-06     -0.00137352      -0.9280269        67.25521
       299.9765        313.6118
              0               0               1               0
   7.295471e-07   -0.0001520104    -0.002197613        124.7722
  -2.944004e-07    2.706236e-05    -0.001455487        54.34323
              0        153.8462
              0               0               0        153.8462
  -3.103608e-05    -0.003492258       0.3995209        118.8398
   2.789794e-06    -0.001550553      -0.9170164        66.25114
       294.8826        308.2864
              0               0               1               0
   8.276164e-07    -0.000180716    -0.002096423         120.426
  -1.286692e-07   -1.477918e-05    -0.001207307        67.25521
              0        153.8462
