              0               0               0       -1161.538
    8.45302e-07   -0.0003532995      -0.8837735        115.0719
  -2.036689e-06    0.0007429522      -0.4691473       -1.110737
       845.4891        873.6305
              0               0               1       -1161.538
  -6.599774e-08    3.978799e-05     -0.05657868        89.94036
  -4.638089e-07    0.0002074638     0.006070023       -13.77021
      -1161.538       -1048.718
              0               0               0       -1048.718
   1.204035e-06   -0.0003178507      -0.9342576        106.2395
   -4.06693e-06    0.0009479584      -0.3581081       -3.113291
       710.8442        734.5086
              0               0               1       -1161.538
   1.633373e-07   -2.666604e-05     -0.07735826        115.0719
  -3.357219e-08    0.0001218332     -0.03106787       -1.110737
      -1161.538       -1048.718
