              0               0               0        369.2308
   2.778014e-05     0.002249486      -0.8523616       -38.02479
   7.381623e-06     0.003802203       0.5229274       -68.84929
      -114.2978       -100.0106
              0               0               1        369.2308
   1.532219e-06   -0.0005138849     -0.04186149       -49.66248
   1.921341e-07    0.0004397917     -0.03440248       -60.58046
       369.2308        484.6154
              0               0               0        484.6154
   2.005249e-05     0.002937366      -0.7680248       -47.84658
  -2.457703e-06     0.003546702       0.6405257       -69.18195
      -124.1202       -108.6052
              0               0               1        369.2308
   1.146863e-06   -0.0005480336     -0.03715639       -38.02479
   1.054159e-06    0.0002917649     -0.05058289       -68.84929
       369.2308        484.6154
