              0               0               0       -1538.462
   3.111464e-08   -7.867576e-07      -0.9992259       -170.1113
  -5.272671e-07    2.402978e-06     -0.03903375        -74.8954
       1170.469        1199.705
              0               0               1       -1538.462
   6.032982e-07   -6.619779e-05     -0.01733253       -199.3245
   1.862497e-06   -0.0004017353      -0.1422886       -76.04771
      -1538.462           -1250
              0               0               0           -1250
   2.818384e-07   -5.845916e-06      -0.9884184       -165.1793
  -1.818468e-06    3.657794e-05      -0.1516135       -101.1694
       1222.425        1252.954
              0               0               1       -1538.462
   4.674547e-07   -4.339536e-05    -0.009281339       -170.1113
   1.674702e-06   -0.0003585753          -0.127        -74.8954
      -1538.462           -1250
