              0               0               0       -2403.846
   7.166626e-06   -0.0003420845       0.9728043        111.0906
  -7.505072e-06   -0.0008221073      -0.2216655        78.37117
       538.3511        563.9868
              0               0               1       -2403.846
   -3.48113e-09   -4.827871e-06      0.01458009        135.9251
   2.395544e-08    5.269686e-06      0.01894781        72.02188
      -2403.846       -2115.385
              0               0               0       -2115.385
   6.758571e-06   -0.0002919856       0.9801487        113.4144
  -7.560266e-06   -0.0007457321      -0.1864642         84.1901
        563.719        590.5627
              0               0               1       -2403.846
  -5.852735e-09   -4.805548e-06     0.009929094        111.0906
   2.050599e-08     3.37461e-06      0.01749251        78.37117
      -2403.846       -2115.385
