              0               0               0               0
  -0.0002402969     0.006553653      -0.1187206       -88.62017
  -2.620324e-05    0.0007146448       0.9917923        13.77804
       668.1602        681.7968
              0               0               1               0
   -9.67791e-08    3.503742e-05    -0.002278422       -89.62976
   1.865922e-07    8.362333e-06    -0.003631629        27.36913
              0        123.0769
              0               0               0        123.0769
   8.514055e-05      0.00420605      -0.1597729       -88.37897
  -2.160229e-05    0.0008660878       0.9878765        14.00558
      -13.45007               0
              0               0               1               0
  -2.049652e-07    7.145971e-05    -0.003730509       -88.62017
   9.357897e-08    3.639572e-05    -0.004048216        13.77804
              0        123.0769
