              0               0               0        4423.077
  -4.143003e-06   -8.278421e-05      -0.9790885        126.3169
   2.433054e-05    0.0003722616      -0.2036291       -7.055008
      -242.4631       -225.1443
              0               0               1        4423.077
   3.666267e-10   -1.619844e-06     -0.02013177         109.314
  -3.091382e-08    2.576164e-05     0.006361304       -10.34358
       4423.077        4711.538
              0               0               0        4711.538
  -5.296484e-06   -8.235408e-05      -0.9776122        119.1722
   3.125435e-05    0.0003359113      -0.2107938       -3.929188
      -225.5207       -209.4121
              0               0               1        4423.077
   1.685603e-09    -2.64912e-06     -0.02414446        126.3169
  -3.530239e-08    2.938694e-05     0.005296689       -7.055008
       4423.077        4711.538
