              0               0               0        1538.462
  -2.613964e-05     0.001921277       0.9577273       -132.7902
  -1.694366e-05    0.0002889976       0.1344434        97.16179
       58.84983        88.27475
              0               0               1        1538.462
  -7.613132e-08    6.589981e-05     -0.01278215       -103.6116
   -4.15489e-07    0.0003084108     -0.09807302        100.9363
       1538.462        1826.923
              0               0               0        1826.923
  -2.731286e-05     0.001996321       0.9439853       -131.2323
  -1.893626e-05    0.0003703895        0.209989        82.54546
       56.38848        84.58273
              0               0               1        1538.462
  -5.667179e-09    1.713131e-05    0.0009304061       -132.7902
  -4.873294e-07    0.0003630188      -0.1148362        97.16179
       1538.462        1826.923
