              0               0               0        2307.692
   -1.85226e-06    5.167074e-05      -0.9933841        408.6154
   1.681827e-05   -0.0004462629      -0.1148258        -17.6439
      -601.6264       -575.4687
              0               0               1        2307.692
  -4.754648e-09   -1.374667e-06     -0.05289475         382.633
   2.152534e-08   -3.648143e-05      0.05289773       -20.65181
       2307.692        2576.923
              0               0               0        2576.923
  -2.394625e-06    5.981346e-05       -0.989683        392.9737
   1.732408e-05   -0.0004163975      -0.1432401       -5.059614
      -575.7397       -550.7075
              0               0               1        2307.692
   -5.26103e-09   -9.614249e-07     -0.05745774        408.6154
   2.328439e-08   -3.930991e-05       0.0556373        -17.6439
       2307.692        2576.923
