              0               0               0        461.5385
   3.211424e-05    -0.006082407      0.02929227        119.4469
   2.155269e-05   -0.0002514436      -0.9990703        11.80012
      -356.0711       -340.5898
              0               0               1        461.5385
   3.660946e-06   -0.0003366673     -0.04512551        118.5618
  -1.870449e-06   -9.605221e-05      0.06521106       -3.647136
       461.5385        557.6923
              0               0               0        557.6923
   -9.12103e-05     -0.00066486      0.03875142         114.277
   1.247244e-05   -0.0003650095      -0.9962646        15.83315
      -362.8925       -347.1146
              0               0               1        461.5385
   4.041298e-06   -0.0002585858     -0.06626693        119.4469
   -1.81587e-06   -0.0001928703      0.07727753        11.80012
       461.5385        557.6923
