              0               0               0       -1274.359
   2.148276e-06    9.436316e-05       0.8267854       -176.9509
  -3.293502e-06   -0.0001380528       0.5625197        20.99448
       336.0395        366.5885
              0               0               1       -1274.359
  -1.945273e-06     0.001516009      0.01413486       -151.5441
  -1.669436e-06      0.00103751     -0.03223437        37.95619
      -1274.359       -1161.538
              0               0               0       -1161.538
   3.107047e-06    6.977135e-05       0.8515332       -157.5773
  -5.324246e-06   -0.0001107022       0.5243258        30.55389
       310.1041        338.2954
              0               0               1       -1274.359
  -1.835043e-06     0.001543902      0.02089435       -176.9509
  -2.048189e-06     0.001279866     -0.03359368        20.99448
      -1274.359       -1161.538
