              0               0               0       -2692.308
  -5.918902e-09   -1.136035e-05      -0.9901165       -224.2895
  -5.202382e-08   -8.051551e-05       0.1402412       -16.40803
       1049.603         1073.99
              0               0               1       -2692.308
    4.40235e-09    2.801471e-06     -0.04276435       -248.4427
   1.149179e-08   -2.054802e-05     -0.02747151       -13.03656
      -2692.308       -2403.846
              0               0               0       -2403.846
  -1.708267e-09   -8.941472e-06      -0.9934571       -235.0059
  -2.357752e-08   -7.834979e-05       0.1142015       -25.26631
       1101.611        1127.207
              0               0               1       -2692.308
   3.617303e-09    3.103639e-06     -0.03834664       -224.2895
   1.088442e-08   -1.892574e-05     -0.02615503       -16.40803
      -2692.308       -2403.846
