              0               0               0       -4730.769
   2.750114e-07   -0.0003228411       0.9719901        48.39049
  -1.835464e-06    -0.001235938       -0.234698        62.07438
       302.0284        317.9247
              0               0               1       -4730.769
    1.82671e-08   -1.254212e-05      0.01304994          63.761
   1.499397e-08   -9.873694e-06      0.01079529        58.02388
      -4730.769       -4461.538
              0               0               0       -4461.538
  -8.603073e-07    -0.000285995        0.973865        50.23047
  -4.872445e-06    -0.001160361      -0.2265742        64.72458
       323.4441        340.4675
              0               0               1       -4730.769
   1.106912e-08   -7.855371e-06     0.008146766        48.39049
   1.758301e-08   -1.126596e-05      0.01160224        62.07438
      -4730.769       -4461.538
