              0               0               0            1250
   7.898069e-07   -8.392261e-05       0.8266625        211.3883
   1.148113e-06     -0.00012187      -0.5627174        20.64246
       420.3923        450.4203
              0               0               1            1250
   2.388261e-06    -0.001683061       0.2785215        236.1571
  -2.538322e-06     0.001707473      -0.2085542        3.666369
           1250        1538.462
              0               0               0        1538.462
   8.018737e-07   -7.831784e-05       0.8763788        208.0374
   1.450925e-06   -0.0001415884      -0.4816278        38.91582
       411.9488        441.3737
              0               0               1            1250
   2.309373e-06    -0.001621964       0.2640947        211.3883
   -2.14152e-06     0.001436406      -0.1728041        20.64246
           1250        1538.462
