              0               0               0       -2038.462
   3.101117e-07   -0.0001329298       0.9434276       -278.7907
  -1.242581e-06    0.0003862981       0.3314245        10.60959
       162.9936        190.1592
              0               0               1       -2038.462
  -1.040266e-07    2.545854e-05     -0.03761369       -253.2538
  -1.166236e-07   -1.580052e-05     -0.04222184         19.8731
      -2038.462       -1769.231
              0               0               0       -1769.231
   3.645905e-07   -0.0001469715       0.9251385       -289.6122
  -1.172199e-06    0.0003643628       0.3795031       -5.909888
        169.636        197.9087
              0               0               1       -2038.462
  -1.022097e-07    2.703786e-05     -0.04006487       -278.7907
  -1.248331e-07   -1.767652e-05     -0.04755044        10.60959
      -2038.462       -1769.231
