              0               0               0       -1274.359
    0.000387432      -0.0340256        0.285658        227.7785
   0.0002447207     -0.01442175      -0.6745308        101.8237
        763.726        794.2253
              0               0               1       -1274.359
   2.305817e-06    -0.001022186     0.005463927        215.8318
   4.831469e-06    -0.001875398      0.04882095        74.77867
      -1274.359       -1161.538
              0               0               0       -1161.538
   0.0004717246     -0.03768522       0.2531475         218.956
   0.0002613725     -0.01373158      -0.6864594        87.72134
       704.7821        732.9235
              0               0               1       -1274.359
   6.351566e-07    -0.000559705     -0.02313786        227.7785
   5.922299e-06    -0.002295259      0.05857229        101.8237
      -1274.359       -1161.538
