              0               0               0       -865.3846
   8.192996e-06   -0.0005765385      -0.9697036        111.1111
   -5.81555e-06     0.001427379      -0.2344734       -2.010318
       495.8771        512.9571
              0               0               1       -865.3846
   1.052892e-06     0.000430407     -0.02795417        94.42115
   3.259982e-06   -0.0009749173     -0.07955426        -5.62771
      -865.3846       -788.4615
              0               0               0       -788.4615
   8.045868e-06    -0.001036664      -0.9168595         108.753
   6.249991e-06     0.001832571      -0.3945389       -10.72709
        418.764        433.2303
              0               0               1       -865.3846
   1.279416e-06    0.0003432386     -0.06462903        111.1111
   2.466543e-06    -0.000608657     -0.08109322       -2.010318
      -865.3846       -788.4615
