              0               0               0        3115.385
  -1.271345e-06    0.0001152166       0.9966641        25.18508
  -2.083767e-06     -0.00138207      0.08156118        85.41002
         182.55        205.3688
              0               0               1        3115.385
   1.717408e-08   -2.868495e-06    -0.008615265         47.9726
  -9.885162e-09    1.109449e-06    -0.009098975        86.52675
       3115.385        3384.615
              0               0               0        3384.615
  -1.502771e-06    0.0001395707       0.9957585        24.12117
  -1.439737e-06    -0.001499502      0.09190228        82.69105
       173.6067        195.3076
              0               0               1        3115.385
   1.843488e-08   -3.172456e-06    -0.004433815        25.18508
  -1.510455e-08    2.662615e-06    -0.009721057        85.41002
       3115.385        3384.615
