              0               0               0        1826.923
   4.576116e-07   -1.378331e-06       0.9093563        224.3794
   9.960893e-07   -2.768709e-06      -0.4160203        40.89561
       422.9136        451.1079
              0               0               1        1826.923
   1.581265e-07   -0.0001102573     -0.01649073        250.0271
  -1.746678e-07    9.070097e-05      0.02865477        29.18636
       1826.923        2115.385
              0               0               0        2115.385
   4.697165e-07   -2.798982e-06       0.9300931        214.7617
   1.185246e-06   -6.693511e-06      -0.3673294        50.71012
        405.157        432.1675
              0               0               1        1826.923
    1.52877e-07    -0.000104784     -0.01583598        224.3794
  -1.513393e-07    7.771134e-05      0.02419986        40.89561
       1826.923        2115.385
