              0               0               0       -557.6923
   -0.000321299     0.007125397   -0.0009566574        123.4307
  -3.182478e-07   -1.817409e-05      -0.9988102        28.41683
       370.9283        384.9226
              0               0               1       -557.6923
   6.206603e-08     2.51012e-05    0.0003476444        123.9322
   3.405062e-06    -0.001694534       0.1545006        14.43474
      -557.6923       -461.5385
              0               0               0       -461.5385
  -0.0002459572     0.006495618      -0.0094486        123.7789
  -4.611777e-06    5.598026e-05      -0.9984242        30.93034
        371.455        385.7551
              0               0               1       -557.6923
   -6.64445e-07    0.0003187831      -0.0208876        123.4307
   3.189713e-06     -0.00168231       0.1584105        28.41683
      -557.6923       -461.5385
