              0               0               0        4423.077
  -2.154525e-08    1.779851e-05      -0.9784645        177.1298
   8.802401e-08   -8.383645e-05      -0.2064134        3.785162
      -294.4195       -277.1007
              0               0               1        4423.077
   3.845513e-09   -4.306493e-06     -0.03221826        160.1892
  -3.970698e-08    3.295882e-05     0.003646828       0.1856414
       4423.077        4711.538
              0               0               0        4711.538
   2.499679e-08    1.975544e-05      -0.9769699        166.3618
  -1.635502e-07   -8.954095e-05      -0.2133725        6.488089
      -273.8465       -257.7379
              0               0               1        4423.077
   4.679365e-09   -4.919648e-06     -0.03629918        177.1298
  -4.050267e-08    3.351404e-05     0.003072867        3.785162
       4423.077        4711.538
