              0               0               0        788.4615
  -1.036917e-05   -0.0003753397       0.8063105        165.9572
  -1.159055e-05   -0.0005254965      -0.5910758        49.75275
       313.3865         327.012
              0               0               1        788.4615
  -1.214428e-05      0.00219582       0.6569615        176.8477
   4.495126e-06    -0.001351264     -0.02707783        41.57217
       788.4615        865.3846
              0               0               0        865.3846
  -7.142155e-06    0.0004992714       0.9843323        219.3228
  -3.861259e-05     0.003102276      -0.1720049        35.62242
       360.5536        376.2298
              0               0               1        788.4615
  -1.309139e-05     0.002539196       0.5758928        165.9572
   8.052398e-06    -0.001574871      -0.1101978        49.75275
       788.4615        865.3846
