              0               0               0        153.8462
   1.854495e-05     -0.00381421      -0.6037567        105.6249
   1.504939e-06     0.002921704      -0.7972038       -34.81154
      -268.1684         -254.76
              0               0               1        153.8462
   2.679181e-07    6.730837e-05    -0.009335442        96.88846
   4.153726e-07   -0.0001704927      0.00762682       -44.97187
       153.8462        307.6923
              0               0               0        307.6923
   2.051253e-05    -0.003918966      -0.5927832        106.7399
   2.705942e-06     0.002838338      -0.8049645        -35.9226
       -271.532       -257.9554
              0               0               1        153.8462
    1.49909e-07    7.988007e-05    -0.008589863        105.6249
   6.804314e-07    -0.000176586     0.003840276       -34.81154
       153.8462        307.6923
