              0               0               0       -2980.769
  -7.569855e-07    5.325733e-05      -0.9873024       -121.5006
  -4.158594e-06    0.0002988208       0.1591991       -25.09718
        905.122        928.3058
              0               0               1       -2980.769
   1.885402e-09    2.465268e-06     -0.02697295       -144.3708
  -1.727482e-08    1.140689e-06     -0.01872319       -21.29755
      -2980.769       -2692.308
              0               0               0       -2692.308
   -7.22728e-07    5.070696e-05      -0.9901299        -127.774
  -4.845685e-06    0.0003406527       0.1402979       -30.57202
       952.0534        976.4407
              0               0               1       -2980.769
    2.48576e-09    2.327969e-06     -0.02262638       -121.5006
  -1.481453e-08     1.00345e-06     -0.01803619       -25.09718
      -2980.769       -2692.308
