              0               0               0        4192.308
   -0.001292109      0.06190323      0.03761552       -113.3802
  -0.0001175574    -0.002743267       0.7344102        25.98043
              0        18.31183
              0               0               1        4192.308
  -1.455999e-08    4.006879e-06      0.02701046       -99.86785
   9.004004e-09    -3.53991e-06    -0.005068168         37.7871
       4192.308        4461.538
              0               0               0        4461.538
   -0.001495955      0.06705342      0.02373881         -105.21
  -0.0001218003    -0.003078696        0.736191        25.21646
              0        17.18726
              0               0               1        4192.308
   -1.50253e-08    2.595083e-06       0.0307368       -113.3802
   5.824969e-10    7.406787e-07    -0.003079243        25.98043
       4192.308        4461.538
