              0               0               0        1826.923
  -5.886673e-07    0.0001519948       0.9268303        327.5996
   -1.60213e-06    0.0003815949      -0.3753521       -4.513975
       535.6906        563.8848
              0               0               1        1826.923
    1.81504e-07   -0.0001334035     -0.01963197        353.8385
  -2.675033e-07    0.0001422565      0.04632104       -14.82931
       1826.923        2115.385
              0               0               0        2115.385
  -3.250642e-07    0.0001284777       0.9453229        315.8106
   -1.10901e-06    0.0003796814      -0.3259928        12.49891
       513.1989        540.2093
              0               0               1        1826.923
   1.748057e-07   -0.0001271245     -0.01874357        327.5996
  -2.449763e-07    0.0001298664      0.04190104       -4.513975
       1826.923        2115.385
