              0               0               0       -369.2308
   1.824789e-05    -0.004136365      -0.5205083         111.058
   2.985224e-06     0.002551619       -0.853336       -37.08849
       411.2699          426.03
              0               0               1       -369.2308
   2.551693e-07     8.33312e-05     -0.05126834        102.5328
  -2.091835e-06    0.0005274176    -0.005108914       -49.11834
      -369.2308       -246.1538
              0               0               0       -246.1538
    6.42431e-06    -0.003680464       -0.595437        106.6428
   1.580751e-05     0.002694958      -0.8037972       -35.34848
       404.4149        417.8984
              0               0               1       -369.2308
   5.287977e-07   -7.595231e-06     -0.04294904         111.058
  -2.012856e-06    0.0005693881      -0.0254504       -37.08849
      -369.2308       -246.1538
