              0               0               0       -3384.615
   2.803972e-06   -0.0001197982      -0.9817006       -302.4802
   1.425458e-05   -0.0006338347       0.1902911        15.46079
       1032.749        1054.247
              0               0               1       -3384.615
   1.676989e-08   -9.799457e-06     -0.06480195       -323.6124
   6.763941e-08   -5.366456e-05    -0.006781411        19.40037
      -3384.615       -3115.385
              0               0               0       -3115.385
   2.182712e-06    -9.37405e-05      -0.9834469       -319.1703
   1.036931e-05    -0.000502248        0.181297        11.04012
       1086.739        1109.363
              0               0               1       -3384.615
   2.905574e-08   -1.746426e-05     -0.05939581       -302.4802
   1.276449e-07   -9.080882e-05    -0.001223477        15.46079
      -3384.615       -3115.385
