              0               0               0        1096.154
   4.177133e-07    3.797009e-06       0.9039054        181.1934
   8.853994e-07    8.087762e-06      -0.4277289        39.93098
       360.0213        384.0228
              0               0               1        1096.154
   1.667413e-06   -2.300369e-05       0.3730095        202.8964
  -4.287006e-06   -0.0001731638      -0.2045557        29.68178
       1096.154        1173.077
              0               0               0        1173.077
   1.102292e-06    -1.04867e-05       0.8669115         208.841
   1.957281e-06    -1.94382e-05       -0.498458        24.37666
       404.1476        431.0908
              0               0               1        1096.154
   1.651611e-06   -1.915501e-06       0.3497927        181.1934
  -3.989532e-06   -0.0001277806      -0.1687702        39.93098
       1096.154        1173.077
