              0               0               0       -3557.692
  -3.086995e-07    4.947553e-05      -0.9744637       -292.0332
  -2.445531e-06    0.0002248085       0.2245244         15.8659
       998.3926        1019.193
              0               0               1       -3557.692
   3.208243e-09   -2.994242e-06     -0.06521293       -312.2835
  -5.008783e-09   -1.447575e-05    -0.005257566        20.61126
      -3557.692       -3269.231
              0               0               0       -3269.231
   1.828442e-06   -0.0001020188      -0.9822783       -309.6476
   9.163108e-06    -0.000548152       0.1873291        13.82009
       1055.738        1077.717
              0               0               1       -3557.692
   4.737436e-09   -5.127371e-06     -0.05997817       -292.0332
   -2.64002e-09   -2.208911e-05   -0.0005005957         15.8659
      -3557.692       -3269.231
