              0               0               0        942.3077
   2.850097e-07    6.577243e-05      -0.9974969        15.88677
  -1.563389e-06    0.0008845589      0.07086435       -13.77238
      -166.1325       -147.6733
              0               0               1        942.3077
   3.187903e-06   -0.0005737455       0.0441751       -2.501988
   6.898952e-06    -0.001223506     -0.03368958       -12.17272
       942.3077        1019.231
              0               0               0        1019.231
  -3.610184e-07    0.0001433522        -0.98758        19.84061
  -4.186101e-06     0.000890531       0.1568335       -22.55141
      -190.9166       -169.7037
              0               0               1        942.3077
   3.363251e-06   -0.0006185082       0.0790766        15.88677
   8.025382e-06    -0.001424586     -0.05203124       -13.77238
       942.3077        1019.231
