              0               0               0        307.6923
  -1.734352e-05   -0.0007245899       0.9817056        39.33166
  -1.526295e-05    -0.004035294      -0.1884751        133.0554
       190.0391        203.6133
              0               0               1        307.6923
    1.19984e-07   -0.0001320585    -0.001507437        52.48066
  -1.739362e-06    0.0004083374      0.06006942        129.7153
       307.6923        461.5385
              0               0               0        461.5385
  -2.092608e-05   -0.0007351064       0.9849502        36.88961
  -3.801419e-05     -0.00387479      -0.1736263        145.2946
       182.5313        195.5692
              0               0               1        307.6923
   7.849763e-08   -0.0001052472    -0.001539388        39.33166
  -1.691303e-06    0.0003972008      0.05847769        133.0554
       307.6923        461.5385
