              0               0               0       -711.5385
    3.91746e-06    -0.001573573      -0.8878278        79.28986
   7.764441e-06     0.003122396      -0.4609471        -44.3404
        427.807        441.2052
              0               0               1       -711.5385
   8.036833e-06   -0.0007371404       0.1550254        67.12151
   9.034177e-06    0.0004781494       -0.291569       -49.93708
      -711.5385       -634.6154
              0               0               0       -634.6154
    1.92412e-05    -0.003223759      -0.7604872        89.34395
  -4.188903e-06     0.003842894      -0.6489984       -57.22587
       439.4746        453.2066
              0               0               1       -711.5385
   6.612857e-06   -0.0006016643       0.1378558        79.28986
   9.536356e-06    0.0004123031      -0.2556549        -44.3404
      -711.5385       -634.6154
