              0               0               0       -935.8974
   2.664964e-06   -2.766357e-05      -0.9955696       -213.3643
   2.334678e-05    -0.000240778      0.09460424      -0.2669011
       903.2295        922.8446
              0               0               1       -935.8974
  -1.893752e-06    0.0007105133       0.5492428       -232.8831
  -5.575073e-06   -0.0005874192       0.2757505        1.672329
      -935.8974       -823.0769
              0               0               0       -823.0769
    1.34299e-05   -0.0001297571      -0.9582159       -149.7138
   4.135245e-05   -0.0004199066       0.2863081        12.79431
       715.2037        730.7516
              0               0               1       -935.8974
  -2.084515e-06    0.0006929989       0.5125231       -213.3643
  -6.057816e-06   -0.0006152888       0.2622937      -0.2669011
      -935.8974       -823.0769
