              0               0               0       -1096.154
     1.0673e-06    3.648702e-06       0.8887907       -155.3218
  -2.072756e-06   -6.830932e-06       0.4583016         33.8784
       253.6265        278.9891
              0               0               1       -1096.154
   7.318291e-06    -0.001212783       0.3638092         -132.76
   4.678855e-06     -0.00137576       0.1966522        45.46393
      -1096.154       -1019.231
              0               0               0       -1019.231
   9.296519e-07    1.439294e-05       0.9180913       -129.4373
  -2.215614e-06   -3.254761e-05        0.396367        45.64288
       226.5495        249.2045
              0               0               1       -1096.154
   7.508609e-06    -0.001224525       0.3862626       -155.3218
   5.943154e-06    -0.001610479       0.2416547         33.8784
      -1096.154       -1019.231
