              0               0               0        1274.359
   3.032106e-06    0.0001241227       0.8547799        366.7482
   5.816714e-06    0.0001944155      -0.5191982       -82.77905
       609.5646        640.0428
              0               0               1        1274.359
   1.182958e-05    -0.003171568       0.1995777        393.0015
  -1.913046e-05     0.005085263      -0.1579159       -98.25801
       1274.359        1387.179
              0               0               0        1387.179
   2.753057e-06    0.0001401365       0.8776812        365.6314
   6.098411e-06    0.0002431588      -0.4794905       -64.83027
       599.4214        629.3925
              0               0               1        1274.359
   1.138503e-05     -0.00305117       0.1894217        366.7482
  -1.752903e-05     0.004660089      -0.1435445       -82.77905
       1274.359        1387.179
