              0               0               0            1250
   0.0004047741    -0.001700827      -0.7072474       -174.5673
  -0.0002496106     0.007906886       0.8730903        73.52029
      -29.97672               0
              0               0               1            1250
  -7.715718e-07    0.0005717954      -0.1042645       -186.3931
   2.413911e-06    -0.001637971       0.2000941         100.074
           1250        1538.462
              0               0               0        1538.462
   0.0004424276    -0.002363011      -0.7886159       -173.4198
  -0.0002243532      0.00815685       0.8028923        54.50288
      -29.37379               0
              0               0               1            1250
  -8.912808e-07    0.0006464056      -0.1083216       -174.5673
   2.039579e-06    -0.001376486       0.1614227        73.52029
           1250        1538.462
