              0               0               0       -4192.308
  -0.0002116731     0.007651203      -0.9728558        138.5375
  -0.0001993053      0.01194571      -0.5771939         13.1394
       471.8207        489.9411
              0               0               1       -4192.308
   1.473019e-08   -4.511642e-06      0.02442762        122.1617
  -3.421605e-09    7.310116e-07    -0.002759327        5.416924
      -4192.308       -3923.077
              0               0               0       -3923.077
  -0.0001849045      0.00707897      -0.9687132        146.0513
  -0.0001901967      0.01182615      -0.5894256        12.98453
       501.0189        520.2788
              0               0               1       -4192.308
   1.380648e-08   -4.375785e-06      0.02808584        138.5375
   2.906302e-09   -6.815837e-07   -0.0006024125         13.1394
      -4192.308       -3923.077
