              0               0               0       -1274.359
   5.127213e-07   -0.0002310623      -0.9247293        10.44839
  -7.639939e-07    0.0005623104      -0.3805288       -53.54812
        1038.22        1068.719
              0               0               1       -1274.359
   2.214898e-06   -0.0004134548      0.04819863       -17.95558
  -2.857325e-07     0.000628823      0.01581978       -64.65259
      -1274.359       -1161.538
              0               0               0       -1161.538
  -1.028908e-07   -0.0001963434       -0.941435         12.0513
   1.151588e-06    0.0005465391      -0.3372535       -46.24186
       958.0546         986.196
              0               0               1       -1274.359
   2.334753e-06   -0.0005316129      0.04446668        10.44839
   2.270509e-07    0.0003742518      0.01964669       -53.54812
      -1274.359       -1161.538
