              0               0               0        597.4359
   9.838822e-05     0.002609213      -0.1253745       -84.25539
  -8.175317e-06    0.0003861733       0.9929147       0.6372286
      -41.94227       -27.96152
              0               0               1        597.4359
  -2.309981e-07   -0.0001311617    -0.002839297       -85.22935
   7.190849e-06    -0.001135187     -0.09242697        14.57207
       597.4359        710.2564
              0               0               0        710.2564
   3.235198e-05     0.004338947      -0.4728927       -82.03669
  -1.926227e-05      0.00252987       0.8814843       -12.29366
      -40.50463       -27.00309
              0               0               1        597.4359
  -5.964616e-07    9.620935e-05      0.01640341       -84.25539
   8.374469e-06    -0.001258817     -0.07918847       0.6372286
       597.4359        710.2564
