              0               0               0        1173.077
   0.0001181559    -0.007423181        1.101759       -152.4816
   5.485066e-05    -0.004219457       0.2305232         91.0133
       26.94317        53.88635
              0               0               1        1173.077
  -1.540565e-07    0.0001404007     -0.05312168       -125.8745
  -8.076678e-06    0.0005072585       0.2371041         95.2341
       1173.077            1250
              0               0               0            1250
   9.783147e-05    -0.006910117        1.116469       -159.1436
   3.788128e-05    -0.003299309       0.1385338        110.5875
       30.02802        60.05604
              0               0               1        1173.077
   1.064374e-06     7.73506e-05     -0.09885373       -152.4816
  -9.378983e-06    0.0006281075       0.2616462         91.0133
       1173.077            1250
