              0               0               0       -484.6154
   6.987079e-05     0.002706305        0.229129       -73.75316
  -3.145218e-05   -0.0006394523       0.9743863        71.86728
       25.61846        38.42769
              0               0               1       -484.6154
   2.762245e-06   -0.0005110484     -0.04894238       -70.22731
    1.86577e-06   -0.0006806622     -0.01389437         84.1774
      -484.6154       -369.2308
              0               0               0       -369.2308
   2.959268e-06     0.004352293        0.231993       -82.36704
  -1.283945e-05    -0.001102923       0.9733051        63.47243
       26.99754         40.4963
              0               0               1       -484.6154
   2.743953e-06   -0.0005154416     -0.05171152       -73.75316
   2.240644e-06   -0.0007479907     -0.01627979        71.86728
      -484.6154       -369.2308
