              0               0               0        865.3846
  -1.743081e-05    0.0007237763      -0.9566946         -70.604
    1.60343e-05     0.001654414       0.2835165       -5.770041
      -62.69535       -47.02151
              0               0               1        865.3846
   6.164717e-07   -0.0003683249     -0.07245565       -85.48838
   6.350631e-07   -0.0001885611      0.09165162      -0.8580693
       865.3846        942.3077
              0               0               0        942.3077
  -1.462974e-05    0.0005298286      -0.9665355       -75.20781
   1.552812e-05     0.001161746       0.2468967       0.3143377
      -73.83667        -55.3775
              0               0               1        865.3846
   5.628945e-07   -0.0004513188     -0.02846346         -70.604
   1.020354e-06   -0.0005411251       0.1146843       -5.770041
       865.3846        942.3077
