              0               0               0               0
   2.011124e-05    -0.002197588      -0.9037185        65.63216
  -1.288325e-06     0.004558794       -0.428205       -70.67846
       463.6116        477.2482
              0               0               1               0
   5.945087e-08   -3.196222e-06    -0.007448843        52.95088
  -8.438748e-07    0.0002723777    -0.006241497       -75.67324
              0        153.8462
              0               0               0        153.8462
  -2.317036e-06     -0.00161028      -0.9051205        64.37706
   4.090826e-05     0.003422662      -0.4262657        -68.2579
      -214.5347       -201.1263
              0               0               1               0
   1.344578e-07   -3.041792e-05    -0.006660901        65.63216
  -8.884647e-07    0.0002774908    -0.005928489       -70.67846
              0        153.8462
