              0               0               0       -2846.154
   4.094131e-05    -0.002818347      -0.8878048        155.4278
   1.244477e-05    0.0007059891       -0.385868        5.213608
       642.0564        665.8038
              0               0               1       -2846.154
   1.145671e-09    1.087438e-06      0.02173513        133.3037
   3.153769e-09    5.079924e-06     0.001864964       -3.384964
      -2846.154       -2576.923
              0               0               0       -2576.923
   3.826686e-05    -0.002763212      -0.8794973        162.2485
   1.089734e-05    0.0006668445       -0.403317        6.996679
       672.3773        697.2455
              0               0               1       -2846.154
   6.644072e-10    7.822149e-07      0.02507493        155.4278
   3.573601e-09    6.068621e-06     0.004729944        5.213608
      -2846.154       -2576.923
