              0               0               0       -307.6923
  -7.585322e-06     0.001773361      -0.9491786       -14.68585
  -5.460611e-05     0.005299335       0.3126753       -77.87475
        553.015        566.8391
              0               0               1       -307.6923
  -2.495503e-06     0.000813442     -0.05344746       -27.48854
   7.026746e-07   -0.0004882227      0.08861894       -72.68382
      -307.6923       -153.8462
              0               0               0       -153.8462
   7.713249e-06     0.001467715      -0.9501918       -13.11214
  -7.741427e-06     0.004312371       0.3114592       -72.96813
       535.0993          548.48
              0               0               1       -307.6923
  -2.535061e-06    0.0008479193     -0.06021858       -14.68585
   4.280361e-07   -0.0003975496      0.08292349       -77.87475
      -307.6923       -153.8462
