              0               0               0        1538.462
   1.149605e-06     8.26767e-05      -0.9955963        149.9506
   2.463827e-06    0.0009493489      0.09343468       -74.00334
      -381.8593       -352.4855
              0               0               1        1538.462
  -7.126905e-08     3.04725e-05     0.006531457        120.8067
   5.388402e-07   -0.0003876667       0.1086245       -70.37725
       1538.462        1826.923
              0               0               0        1826.923
    9.49655e-07    1.119118e-05      -0.9998088        151.6337
   1.887483e-06     0.001017677      0.01573912       -59.65916
       -365.995       -337.8415
              0               0               1        1538.462
  -1.213952e-07    6.380797e-05    -0.002470184        149.9506
   6.272626e-07   -0.0004534915       0.1283468       -74.00334
       1538.462        1826.923
