              0               0               0       -1161.538
   -3.81829e-06   -0.0002239539       -0.836781        163.4224
  -7.286391e-06     0.001272239      -0.5628404        27.65139
       789.2063        817.3477
              0               0               1       -1161.538
   3.687244e-07   -8.851038e-05     -0.09646983        139.6118
   3.994772e-07    3.337097e-05     -0.06902715        12.65742
      -1161.538       -1048.718
              0               0               0       -1048.718
   -4.82623e-06    -0.000185138      -0.8973761        149.5344
  -1.250425e-05     0.001708125      -0.4597916        15.95801
       663.5155        687.1798
              0               0               1       -1161.538
   5.553342e-07   -0.0001467384      -0.1136118        163.4224
   8.275483e-07   -5.574942e-05      -0.1078896        27.65139
      -1161.538       -1048.718
