              0               0               0       -597.4359
   7.882211e-05     0.003790225      -0.1769181       -78.75607
  -1.590377e-05     0.000777123       0.9858723       -3.715801
       653.3658        668.1897
              0               0               1       -597.4359
   2.631723e-07   -0.0007675401       0.1169713       -80.28903
  -1.252174e-06   -0.0002473298      0.08002555        11.01764
      -597.4359       -484.6154
              0               0               0       -484.6154
  -5.194635e-05     0.004951561     -0.06184665       -76.53617
  -1.655346e-05    0.0003211404       0.9983627      -0.6565013
       667.1099        682.8772
              0               0               1       -597.4359
   6.828222e-08   -0.0005293631      0.07853027       -78.75607
  -1.308919e-06   -0.0001368746      0.05921932       -3.715801
      -597.4359       -484.6154
