              0               0               0       -710.2564
   7.871539e-06   -0.0003323967      -0.9955995        28.46268
  -5.840574e-06     0.003841671     -0.09474478       -59.87029
       481.3406        494.7368
              0               0               1       -710.2564
   2.982588e-06     -0.00112296       0.1886582        15.08476
  -3.441974e-07     0.001123073       -0.373068       -60.46413
      -710.2564       -597.4359
              0               0               0       -597.4359
   1.349041e-05   -0.0008989194      -0.9805579        41.04809
   1.317278e-05     0.004529571      -0.1984055       -86.85027
       490.3029        505.1268
              0               0               1       -710.2564
   2.244036e-06   -0.0009256414       0.1874207        28.46268
  -2.441759e-07     0.001070415      -0.3567975       -59.87029
      -710.2564       -597.4359
