              0               0               0        557.6923
  -2.238132e-05    0.0005863158        0.995145        8.673332
  -2.857218e-06    -0.005132363      0.09495064        148.3354
       152.5069        165.2158
              0               0               1        557.6923
   4.004428e-06    8.242281e-06     -0.02828505         21.3693
  -2.256867e-06   -0.0004270397      -0.0197085        148.7073
       557.6923        634.6154
              0               0               0        634.6154
  -1.299218e-05    0.0003663168       0.9958146        7.974784
  -4.528073e-05    -0.003905161       0.0978684        143.1274
       157.3366        170.4479
              0               0               1        557.6923
   4.322213e-06   -6.732348e-05     -0.02947762        8.673332
  -1.504816e-06   -0.0004714208     -0.02253736        148.3354
       557.6923        634.6154
