              0               0               0       -2692.308
   2.052968e-07   -1.179339e-05      -0.9906812       -248.4427
   1.386855e-06   -8.432168e-05       0.1362213       -13.03656
        1073.99        1098.378
              0               0               1       -2692.308
   5.177948e-09    2.507026e-06     -0.04717786       -272.6068
   1.200204e-08    -2.21485e-05     -0.02880148       -9.744514
      -2692.308       -2403.846
              0               0               0       -2403.846
   1.504728e-07   -9.072644e-06      -0.9939181       -260.4398
   1.240208e-06   -8.016022e-05       0.1101443         -22.395
       1127.207        1152.802
              0               0               1       -2692.308
    4.40235e-09    2.801471e-06     -0.04276435       -248.4427
   1.149179e-08   -2.054802e-05     -0.02747151       -13.03656
      -2692.308       -2403.846
