              0               0               0        2115.385
  -0.0005880353      0.04107424          0.1234       -175.0557
   2.553935e-05    -0.007255131       0.7207066        49.86753
              0        27.01047
              0               0               1        2115.385
  -7.823765e-09      6.8948e-06      0.02174429       -153.3441
  -4.559207e-08    4.404708e-05     -0.03611793        64.54433
       2115.385        2403.846
              0               0               0        2403.846
  -0.0006512969      0.04348719       0.1000908        -167.024
   2.890292e-06    -0.005955395       0.7264897        41.86999
              0        25.79437
              0               0               1        2115.385
   6.621716e-09   -2.020065e-06      0.02787514       -175.0557
  -4.800622e-08    4.827277e-05     -0.03765503        49.86753
       2115.385        2403.846
