              0               0               0       -4192.308
  -1.395064e-06    0.0003028628        0.985093       -56.04954
  -8.828874e-06    -0.001698956       0.1715516        71.79884
       235.9241        254.0721
              0               0               1       -4192.308
  -6.000245e-09    1.195675e-06     -0.01463465       -38.08065
   3.064314e-09   -6.152385e-07     0.009426252        74.29984
      -4192.308       -3923.077
              0               0               0       -3923.077
  -1.407064e-06     0.000308542       0.9841088       -61.11981
    -6.6945e-06    -0.001685522       0.1770166        74.11552
       250.5146         269.785
              0               0               1       -4192.308
  -6.780055e-09    1.562145e-06     -0.01876158       -56.04954
   6.231065e-09   -1.034282e-06     0.008431632        71.79884
      -4192.308       -3923.077
