              0               0               0       -4423.077
   -6.72579e-05    0.0001527603       0.9414871        99.82683
    6.51169e-05    -0.002196184      -0.3630819        50.14591
       378.0967        395.2829
              0               0               1       -4423.077
  -5.059655e-09    6.518859e-07      0.02329389        115.7111
  -7.874417e-09    1.622794e-06     0.006559688        43.58778
      -4423.077       -4134.615
              0               0               0       -4134.615
  -5.448301e-05    0.0001144922       0.9430239         105.318
   6.004632e-05    -0.002042026      -0.3582338        52.33246
       404.6609        423.0546
              0               0               1       -4423.077
  -5.935241e-09    8.071408e-07      0.01929695        99.82683
  -1.050119e-08    2.043751e-06     0.007864287        50.14591
      -4423.077       -4134.615
