              0               0               0        3653.846
  -1.504315e-06    0.0001670488       0.9940563         23.9065
  -1.691064e-06    -0.001522835       0.1084846        79.34037
       164.4027        184.9531
              0               0               1        3653.846
   1.221526e-08   -7.862323e-06    -0.005579705        44.39219
  -8.762791e-09    6.095125e-06     -0.01086105        80.91197
       3653.846        3923.077
              0               0               0        3923.077
  -1.671954e-06     0.000188909       0.9933712        23.19787
  -5.858977e-06    -0.001547983        0.115326        76.64522
       155.4426        174.8729
              0               0               1        3653.846
   1.309646e-08    -8.54791e-06    -0.001280007         23.9065
  -1.243118e-08    9.341682e-06     -0.01162455        79.34037
       3653.846        3923.077
