              0               0               0        557.6923
   0.0003087114    -0.007541161    -0.004415809       -84.26235
   1.358637e-06    1.414454e-05       0.9982668        29.87177
      -15.77793               0
              0               0               1        557.6923
  -1.635933e-06   -0.0001627295     0.004060436       -84.99679
   6.742776e-06    -0.001352969      -0.0650978        45.63122
       557.6923        634.6154
              0               0               0        634.6154
   -7.41856e-06     0.001030954     -0.01534542       -86.36681
   2.303988e-06   -3.714525e-05       0.9997859        20.87232
      -14.81856               0
              0               0               1        557.6923
   9.502376e-07   -0.0003814822    -0.003635904       -84.26235
   6.598963e-06    -0.001252045     -0.05972885        29.87177
       557.6923        634.6154
