              0               0               0       -1048.718
   7.759151e-07   -0.0001723934      -0.9896165         -30.851
   3.869475e-06     0.001137164      -0.1437635       -39.05255
       852.8306         876.495
              0               0               1       -1048.718
   1.391022e-06   -0.0001061291       0.1400232       -54.35593
  -6.756604e-07   -0.0003669094       0.2475959       -41.76653
      -1048.718       -935.8974
              0               0               0       -935.8974
   1.714548e-06    -4.68924e-05      -0.9995434        -18.3005
   1.253564e-05     0.001184443     -0.03087355       -19.41783
       707.0784        726.6935
              0               0               1       -1048.718
   1.200168e-06   -7.923087e-05       0.1049057         -30.851
  -8.395873e-07   -0.0002794003       0.2162437       -39.05255
      -1048.718       -935.8974
