              0               0               0        557.6923
   2.205447e-05    -0.003508483       0.8373269        69.30446
   5.784288e-05    -0.005339581      -0.5448439        133.7348
       216.0515        228.7604
              0               0               1        557.6923
   2.446624e-06    0.0003971278     -0.02108123        79.42457
  -2.152396e-06   -0.0004820441     -0.01742958        126.0667
       557.6923        634.6154
              0               0               0        634.6154
   1.182623e-05    -0.003073927       0.8454651        70.68299
   4.336613e-05    -0.004879186      -0.5327642        128.6202
       222.8935        236.0048
              0               0               1        557.6923
   2.674709e-06    0.0003169311     -0.02228515        69.30446
  -2.368602e-06   -0.0004614577      -0.0169768        133.7348
       557.6923        634.6154
