              0               0               0       -597.4359
   6.645445e-06     0.002669394       0.7739791       -42.37127
  -3.491354e-05    -0.003286737       0.6344604        120.9559
        91.6272        104.7168
              0               0               1       -597.4359
   2.339063e-07   -0.0003611715      0.04045703       -31.76792
   1.233289e-06   -0.0008012951       0.1202084        128.6193
      -597.4359       -484.6154
              0               0               0       -484.6154
  -8.915491e-06      0.00337333       0.7579393       -41.70817
  -2.068044e-05    -0.003963647       0.6534256         126.077
       89.66462        102.4739
              0               0               1       -597.4359
   9.832726e-08   -0.0003875183      0.04834596       -42.37127
   7.710131e-07   -0.0006855361       0.1129201        120.9559
      -597.4359       -484.6154
