              0               0               0        3653.846
   4.047239e-07   -4.296183e-05      -0.9803001        267.2406
  -1.856206e-06    0.0002089079      -0.1974485        1.469216
       -411.805       -391.2148
              0               0               1        3653.846
   1.702188e-08   -1.602727e-05     -0.04328399        247.0413
  -9.594317e-08    9.223139e-05    -0.001803037       -2.523933
       3653.846        3923.077
              0               0               0        3923.077
   7.298255e-07      -4.798e-05      -0.9794448         253.624
  -3.347938e-06    0.0002255558      -0.2016156        5.664948
      -389.0537       -369.6011
              0               0               1        3653.846
   1.726692e-08   -1.593391e-05     -0.04753774        267.2406
  -9.093014e-08     8.66275e-05    -0.001147551        1.469216
       3653.846        3923.077
