              0               0               0               0
     1.6702e-05    0.0002445853      -0.9982086        12.60037
   2.723473e-06     0.004576868      0.06236029       -80.76305
       518.1579        531.7945
              0               0               1               0
  -1.641297e-07    9.193367e-05     -0.01083896      -0.9239443
  -7.683764e-07    0.0002466059    -0.004048547       -79.05467
              0        153.8462
              0               0               0        153.8462
   1.049029e-05    0.0003647683      -0.9979019        12.27624
  -2.700465e-05     0.005164461      0.06440789       -78.36561
       -160.901       -147.4926
              0               0               1               0
  -1.108212e-07    6.944439e-05      -0.0101676        12.60037
  -7.716865e-07    0.0002534579    -0.005145397       -80.76305
              0        153.8462
