              0               0               0       -557.6923
   1.506145e-05    0.0009184523       -0.986004        4.250205
  -1.349873e-05     0.005410315        0.165363       -91.29751
       566.8485        580.8428
              0               0               1       -557.6923
   6.375253e-06    -0.002290073       0.1543714       -9.327087
  -2.758949e-06     0.001401933      -0.1225916       -87.96081
      -557.6923       -461.5385
              0               0               0       -461.5385
   2.618148e-05    0.0006994054      -0.9876153        3.914299
   1.735926e-05     0.004757955       0.1589373       -92.53605
       571.6565        585.9566
              0               0               1       -557.6923
   6.385912e-06    -0.002354622       0.1638712        4.250205
  -2.003025e-06     0.001131583      -0.1031678       -91.29751
      -557.6923       -461.5385
