              0               0               0        2038.462
    8.84457e-07   -5.669674e-05       -0.997765        396.0851
  -1.298589e-05    0.0008296076     -0.06479673       -37.37164
      -600.2148       -572.9323
              0               0               1        2038.462
   3.332477e-08   -2.861426e-05     -0.04023605        368.8394
  -8.693902e-09   -2.694342e-05      0.06644238       -38.78566
       2038.462        2307.692
              0               0               0        2307.692
   1.523171e-06   -9.368165e-05       -0.994483         382.633
  -1.422672e-05    0.0008735175      -0.1036498       -20.65181
      -575.4687        -549.311
              0               0               1        2038.462
   3.531269e-08   -2.989645e-05      -0.0444756        396.0851
  -8.517845e-09   -2.960163e-05      0.07068932       -37.37164
       2038.462        2307.692
