              0               0               0       -4134.615
  -2.146318e-08   -2.058858e-05      -0.9804408       -165.7528
  -1.221442e-07      -0.0001028       0.1968112        4.848067
       790.3912        808.7551
              0               0               1       -4134.615
    4.38821e-08   -1.607408e-05     -0.04834996       -183.7646
   2.510113e-07   -9.506174e-05     -0.02575598        8.426855
      -4134.615       -3846.154
              0               0               0       -3846.154
  -2.173202e-08    2.613421e-05      -0.9808443       -178.7377
  -8.157434e-08    0.0001303696       0.1947826       -4.763936
       843.3761        863.0205
              0               0               1       -4134.615
   4.234717e-08    -1.55403e-05     -0.04405511       -165.7528
   2.586812e-07   -9.782605e-05     -0.02662744        4.848067
      -4134.615       -3846.154
