              0               0               0       -935.8974
   1.166718e-05   -0.0004163513       0.9739732        111.5856
  -1.757901e-05   -0.0009394347      -0.2162768        66.99035
       412.7023        432.3548
              0               0               1       -935.8974
    1.25511e-06   -0.0001273028      -0.0616547        130.6544
   3.529153e-06    0.0001362868      -0.1661889        62.24371
      -935.8974       -823.0769
              0               0               0       -823.0769
   9.822306e-06    -0.000724209       0.9212315        109.6954
  -3.074794e-05    -0.001142388      -0.3840269        56.65944
       326.5063        342.0543
              0               0               1       -935.8974
   1.468093e-06   -0.0001059137     -0.02349171        111.5856
   4.091496e-06    0.0001384792      -0.1592711        66.99035
      -935.8974       -823.0769
