              0               0               0        2692.308
  -4.091815e-08    1.158503e-05      -0.9905326        264.4791
   3.288059e-07   -8.396325e-05      -0.1372708        -17.4443
      -441.8761       -417.3275
              0               0               1        2692.308
   3.332852e-09   -3.655476e-06     -0.03393559        240.1692
   6.358583e-09   -1.612571e-05       0.0265377       -20.85985
       2692.308        2980.769
              0               0               0        2980.769
  -4.858724e-08    1.379981e-05      -0.9876641          253.21
   3.374771e-07   -8.734662e-05       -0.156582       -10.69459
       -420.282        -396.933
              0               0               1        2692.308
   2.935458e-09   -3.257753e-06     -0.03837077        264.4791
   7.405582e-09   -1.791343e-05      0.02795012        -17.4443
       2692.308        2980.769
