              0               0               0        3115.385
  -1.544221e-06   -0.0002190485       0.9907557        93.48352
   9.603464e-07    -0.001583361      -0.1357001        83.79817
       251.0063         273.825
              0               0               1        3115.385
   1.581052e-08   -2.661108e-06     -0.02072147        115.9589
   1.005652e-08   -4.897086e-06    -0.005294258        79.88863
       3115.385        3384.615
              0               0               0        3384.615
  -1.153234e-06   -0.0002323235       0.9920435        89.08874
   4.918823e-06    -0.001804353      -0.1259105        81.83636
       238.7093        260.4101
              0               0               1        3115.385
   1.577323e-08   -2.582436e-06     -0.01677155        93.48352
   3.506053e-09   -2.847737e-06    -0.006774192        83.79817
       3115.385        3384.615
