              0               0               0       -2576.923
  -3.850191e-06    -4.54179e-05       0.9973526       -376.3329
   1.888358e-05    0.0008832348      0.07067308        4.984006
       24.90564        49.81128
              0               0               1       -2576.923
  -7.223089e-09     4.34561e-06     -0.06026467       -351.5809
  -2.104755e-08   -2.106468e-05     -0.03556677        7.583754
      -2576.923       -2307.692
              0               0               0       -2307.692
  -3.830153e-06   -7.126963e-05       0.9948796       -393.4169
   1.462317e-05     0.000956213      0.09827454       -7.394164
       26.03414        52.06828
              0               0               1       -2576.923
  -7.477172e-09    4.708753e-06     -0.06418049       -376.3329
  -1.865539e-08   -2.393984e-05     -0.03817848        4.984006
      -2576.923       -2307.692
