              0               0               0        3384.615
   8.722404e-06   -0.0001154799        0.949984       -81.54723
   1.233029e-05    -0.001717266       0.3385444        59.15479
       65.10252        86.80337
              0               0               1        3384.615
  -3.050008e-08    1.377336e-05      0.01510264       -60.89702
   2.937245e-08   -1.038533e-05     -0.01190928        65.81879
       3384.615        3653.846
              0               0               0        3653.846
   1.052188e-05   -0.0001840013       0.9497027        -75.9581
   1.421927e-05    -0.001741767       0.3406992        56.04356
       61.65102        82.20136
              0               0               1        3384.615
  -3.013093e-08    1.359973e-05       0.0192822       -81.54723
   2.457877e-08   -8.205719e-06     -0.01112835        59.15479
       3384.615        3653.846
