              0               0               0               0
   8.113528e-06     0.002353871      -0.8426274       -38.71814
  -6.314148e-06        0.003613       0.5381068       -64.04032
       572.7042        586.3408
              0               0               1               0
  -5.807082e-07    0.0001296379     -0.00265659        -49.7504
  -6.054768e-07    0.0002180863    -0.004869149       -56.04654
              0        123.0769
              0               0               0        123.0769
  -2.076265e-05     0.003086793      -0.8447843       -38.34175
  -5.166674e-05     0.004859683        0.532664       -62.38888
      -107.6006       -94.15052
              0               0               1               0
  -5.186639e-07    0.0001127755    -0.002965226       -38.71814
  -6.554312e-07    0.0002355967    -0.005650176       -64.04032
              0        123.0769
