              0               0               0        1274.359
  -2.605652e-05     0.001887494       0.9662401       -129.9965
  -1.220798e-05    2.260789e-05      0.03579704        115.4488
       60.95646        91.43469
              0               0               1        1274.359
   5.797243e-07   -0.0001461051    -0.009079004       -99.53163
   7.323691e-06    -0.001936549      0.06156596        116.2152
       1274.359        1387.179
              0               0               0        1387.179
  -2.591882e-05     0.001889449        0.963837       -131.4698
  -1.589328e-05    0.0002453282       0.0801819        106.8332
       59.94214        89.91321
              0               0               1        1274.359
  -6.303348e-07    0.0001769669     -0.02500059       -129.9965
   8.416198e-06    -0.002223012      0.06731079        115.4488
       1274.359        1387.179
