              0               0               0       -3557.692
   4.399781e-06   -0.0002517539       0.9940934       -290.9549
  -5.009779e-05     0.002734227       0.1004463        26.71162
       41.59937        62.39906
              0               0               1       -3557.692
   6.056049e-10   -1.173215e-07     -0.05822744       -270.3474
   -8.80354e-09    -3.28235e-06    -0.008083454        29.53296
      -3557.692       -3269.231
              0               0               0       -3269.231
   4.060902e-06   -0.0002491511       0.9932157       -308.9211
  -4.330368e-05     0.002526161       0.1085235        23.56631
       44.01748        66.02623
              0               0               1       -3557.692
   8.538576e-10   -1.324452e-07     -0.06231543       -290.9549
  -1.178959e-08     -2.6724e-06    -0.009151831        26.71162
      -3557.692       -3269.231
