              0               0               0            1250
   9.651997e-07    4.587373e-05       0.8247528         260.899
   1.467656e-06    6.608248e-05      -0.5655002       -13.34866
       480.4483        510.4763
              0               0               1            1250
   2.541584e-06    -0.001802371       0.3069516        285.7322
  -3.340788e-06     0.002255407      -0.2808759       -30.23019
           1250        1538.462
              0               0               0        1538.462
   4.546845e-07    5.036439e-05        0.875113        259.5006
   8.636619e-07    9.072437e-05      -0.4839195        10.37058
       470.7986        500.2236
              0               0               1            1250
   2.465583e-06    -0.001743117       0.2928131         260.899
  -2.936649e-06     0.001979567      -0.2444436       -13.34866
           1250        1538.462
