              0               0               0        307.6923
   2.596043e-06    -0.001685286      -0.9047653        65.17136
   1.838279e-05     0.003704366      -0.4256526       -69.98736
      -217.2256        -203.649
              0               0               1        307.6923
  -6.389976e-07    0.0001144739      0.01713007        52.58357
   1.506978e-06   -0.0003352694     -0.05194881       -75.03747
       307.6923        461.5385
              0               0               0        461.5385
   5.386178e-06    -0.002259481      -0.8650612        69.51548
   2.174324e-05     0.004022883      -0.5029044       -78.73677
      -247.7017       -232.2203
              0               0               1        307.6923
  -8.662329e-07    0.0001636203      0.02356701        65.17136
   1.319353e-06    -0.000273228     -0.04606338       -69.98736
       307.6923        461.5385
