              0               0               0        823.0769
   1.944049e-06    2.002027e-05      -0.9999068        27.49143
  -1.355138e-05     0.002423981     0.001469398       -32.16665
      -157.9593       -143.5994
              0               0               1        823.0769
  -2.650354e-06    0.0001742653       0.1953271        13.14271
  -1.325845e-06    -0.001299534       0.3174111       -31.68583
       823.0769        935.8974
              0               0               0        935.8974
   8.110761e-07   -1.342077e-05      -0.9998706        51.81747
   -1.34996e-05     0.001537568     -0.01034085       -14.56101
      -200.5138       -182.2853
              0               0               1        823.0769
  -3.358731e-06     0.000367418       0.2169164        27.49143
  -1.707524e-06     -0.00134519       0.3295491       -32.16665
       823.0769        935.8974
