              0               0               0        3269.231
  -6.288967e-07    0.0001213191        0.972871        262.8454
  -3.062031e-06    0.0005239547      -0.2311168        39.14656
       421.3446        443.5206
              0               0               1        3269.231
  -4.708983e-10    6.733814e-07     -0.05026314        284.4726
   8.695573e-09    -9.90478e-06     0.009600955        34.24558
       3269.231        3557.692
              0               0               0        3557.692
  -5.454669e-07    0.0001150995       0.9749245        249.5355
  -3.046076e-06    0.0005219338      -0.2222759        40.85789
       398.2964        419.2593
              0               0               1        3269.231
  -6.867894e-10    1.044754e-06      -0.0463852        262.8454
   7.947406e-09   -8.662872e-06     0.007770213        39.14656
       3269.231        3557.692
