              0               0               0       -557.6923
   -1.05227e-05     0.003828097         0.67281       -49.54216
  -1.731224e-05    -0.003377647       0.7393959         116.106
       114.2189        128.4962
              0               0               1       -557.6923
  -4.450835e-06     0.001696685       -0.138265        -39.1865
  -3.430349e-06    0.0008490251     -0.03856861        125.9237
      -557.6923       -461.5385
              0               0               0       -461.5385
   -3.21976e-05      0.00418382       0.6757224       -51.16471
   9.906099e-06    -0.003892752       0.7367613        117.2554
       114.2896        128.5758
              0               0               1       -557.6923
  -3.867525e-06     0.001480074      -0.1234319       -49.54216
  -4.427011e-06     0.001218307     -0.06426043         116.106
      -557.6923       -461.5385
