              0               0               0       -710.2564
   8.909721e-05     -0.00400071       0.4842458        128.4783
  -4.343844e-05      -0.0014223      -0.8679578        49.50749
       307.2644        320.6237
              0               0               1       -710.2564
   1.402114e-07    0.0003132005      -0.1243658        134.4459
  -3.456523e-07    0.0002546577      0.07451219        37.55475
      -710.2564       -597.4359
              0               0               0       -597.4359
  -2.198535e-05    -0.004408813       0.2200103        122.5277
   1.343113e-05     -0.00097366      -0.9763429        61.62293
       301.0608        314.1504
              0               0               1       -710.2564
   1.148304e-07    0.0001119223     -0.06683295        128.4783
   2.009759e-07    2.924349e-05       0.1015295        49.50749
      -710.2564       -597.4359
