              0               0               0       -4192.308
   8.626808e-07   -2.921304e-06      -0.9999915        -20.4403
   7.924203e-06    0.0009336427    -0.002126923       -16.53703
       634.9049        653.0254
              0               0               1       -4192.308
   3.623907e-10    2.023434e-07     -0.01250618       -38.55645
  -5.196727e-08   -8.520592e-08     -0.01166401       -16.22186
      -4192.308       -3923.077
              0               0               0       -3923.077
   5.684286e-07   -1.862762e-05      -0.9998059        -22.6427
   5.250308e-06    0.0008761823     -0.01964243       -20.36672
       674.3584        693.6183
              0               0               1       -4192.308
   2.323591e-09   -2.608104e-07    -0.008278557        -20.4403
  -4.349643e-08    4.197504e-07     -0.01118471       -16.53703
      -4192.308       -3923.077
