              0               0               0       -246.1538
   4.366562e-05     0.004393674      -0.2793724       -85.19654
  -1.531319e-05     0.001376015       0.9610482       0.7472556
        647.118        660.6015
              0               0               1       -246.1538
  -3.704793e-07    5.614322e-05    0.0004166056       -88.05763
  -1.412436e-06     0.000396788     -0.02666114        13.91818
      -246.1538       -123.0769
              0               0               0       -123.0769
   5.841554e-05      0.00392454      -0.2870866       -84.84485
   -1.13308e-05      0.00130446        0.958945       0.9569626
       643.0935        656.4938
              0               0               1       -246.1538
   1.301622e-07   -0.0001157299      0.01512945       -85.19654
  -1.227511e-06    0.0003193171     -0.01900245       0.7472556
      -246.1538       -123.0769
