              0               0               0       -2846.154
   2.564423e-07   -3.351601e-05      -0.9987845       -29.82538
   7.277687e-06    0.0006379259     -0.05022571        -32.5854
       832.0357        855.7831
              0               0               1       -2846.154
   3.798013e-09    2.381531e-06    -0.009083011        -53.5594
   5.710668e-09   -7.826381e-06     -0.01466266       -33.32092
      -2846.154       -2576.923
              0               0               0       -2576.923
   1.633183e-07   -4.794624e-05      -0.9975473       -30.92377
   5.067342e-06    0.0006630971     -0.07025943       -36.46519
       871.3227        896.1909
              0               0               1       -2846.154
   3.474856e-09    2.405405e-06    -0.004979191       -29.82538
   4.973965e-09   -5.900778e-06     -0.01318252        -32.5854
      -2846.154       -2576.923
