              0               0               0       -823.0769
   -7.00471e-07    0.0001048053      -0.9680548       -89.81435
  -3.012187e-06    0.0003992294       0.2506195       -3.906212
       653.0121          668.56
              0               0               1       -823.0769
  -6.207321e-06   -2.406701e-07       0.4653105       -104.8429
   1.401119e-05     -0.00292541      -0.1892641      0.07557917
      -823.0769       -710.2564
              0               0               0       -710.2564
   1.963061e-05     0.001183924      -0.9005085       -49.45958
   1.952526e-05     0.002482208        0.435307       -44.71659
       561.7175        575.1136
              0               0               1       -823.0769
  -6.058879e-06      5.5675e-05        0.428529       -89.81435
   1.365999e-05    -0.002929993      -0.2050358       -3.906212
      -823.0769       -710.2564
