              0               0               0        3846.154
    5.87601e-07    3.684695e-05       0.9660538          178.78
   2.373372e-06    0.0001366608      -0.2583469        56.31698
       315.9628        335.7105
              0               0               1        3846.154
   6.071854e-09   -2.997658e-06     -0.03848075        197.8762
   1.529584e-08   -9.015936e-06   -0.0004764561         51.2868
       3846.154        4134.615
              0               0               0        4134.615
   5.973741e-07    4.180547e-05       0.9689974        168.6778
   2.547464e-06    0.0001632983      -0.2470801         55.2775
       296.8222        315.3736
              0               0               1        3846.154
   7.414441e-09   -3.636318e-06     -0.03458879          178.78
   1.878369e-08   -1.061924e-05    -0.002103269        56.31698
       3846.154        4134.615
