              0               0               0       -4134.615
   -0.001281575     0.008988175        1.004069        139.1307
   0.0001052004    -0.008941157      -0.5134838        37.85447
       441.4483        459.8419
              0               0               1       -4134.615
  -2.041188e-11   -3.219011e-08      0.03033695        152.6648
   5.582698e-10    8.469242e-07     0.003093978        26.03925
      -4134.615       -3846.154
              0               0               0       -3846.154
   -0.001122752     0.008568469        1.012761        146.7252
   6.239781e-05    -0.007932189      -0.4911179        39.21239
       470.1851        489.7762
              0               0               1       -4134.615
   7.112198e-09   -3.190451e-06      0.02665614        139.1307
   9.526659e-09   -3.184709e-06     0.004833408        37.85447
      -4134.615       -3846.154
