              0               0               0       -1387.179
   2.617104e-05   -0.0005900743       0.9839792        175.3532
  -0.0001162839     0.001538364     -0.08235002        103.0629
       689.5409        719.5209
              0               0               1       -1387.179
   2.512893e-06   -0.0006646207    -0.001527654        205.0278
  -7.725363e-06    0.0008842434       0.1194673        98.84338
      -1387.179       -1274.359
              0               0               0       -1274.359
   9.497545e-05    -0.001883165       0.9658825        169.5473
  -3.480288e-05     5.74033e-05     -0.04434346        114.7762
        702.628         733.177
              0               0               1       -1387.179
   3.186528e-06   -0.0007172384     -0.01110118        175.3532
  -6.754141e-06    0.0007568437       0.1044047        103.0629
      -1387.179       -1274.359
