              0               0               0        1769.231
   2.712599e-05    9.763248e-05      -0.8947405       -120.8197
  -1.172948e-05     0.001291866       0.4648633        10.63686
      -85.17447       -56.78298
              0               0               1        1769.231
   1.075403e-08   -6.247061e-06      0.02656405       -145.5232
  -3.920536e-08    4.755457e-05     -0.04120791        24.60792
       1769.231        2038.462
              0               0               0        2038.462
   3.092741e-05    1.960231e-05      -0.9187772       -114.1904
   -1.11805e-05     0.001360559       0.4158727        4.063677
      -81.84747       -54.56498
              0               0               1        1769.231
   1.144577e-08    -8.81511e-06      0.02616669       -120.8197
  -2.822032e-08      3.7698e-05     -0.03251857        10.63686
       1769.231        2038.462
