              0               0               0        3846.154
  -5.061336e-05     0.002797596       0.8973339       -90.78497
  -4.642885e-05    0.0009943008       0.3585306        47.13892
       39.49535        59.24303
              0               0               1        3846.154
   1.384047e-08   -6.925459e-06      0.01855611       -72.36351
   -3.29696e-08    1.720239e-05    -0.007659631        54.24926
       3846.154        4134.615
              0               0               0        4134.615
  -5.913502e-05     0.003107154       0.8898486       -84.45456
  -5.612492e-05      0.00113844       0.3725864        45.73434
       37.10277        55.65416
              0               0               1        3846.154
   1.174754e-08   -5.968768e-06      0.02268969       -90.78497
  -2.653672e-08    1.421415e-05    -0.006761323        47.13892
       3846.154        4134.615
