              0               0               0        2846.154
   3.810954e-07    3.847295e-05      -0.9986585        68.77906
   1.687555e-06    0.0006503266      0.05309826       -33.13053
      -239.0519       -215.1467
              0               0               1        2846.154
   3.367113e-09   -4.230325e-06   -0.0005062796        44.93313
    6.88938e-09   -2.338733e-06      0.01179908       -31.46652
       2846.154        3115.385
              0               0               0        3115.385
   3.822613e-07    2.990807e-05       -0.999351        67.30365
  -1.629179e-08     0.000776817      0.03685302       -29.56753
      -227.8258       -205.0432
              0               0               1        2846.154
   3.134182e-09   -4.268115e-06     -0.00455819        68.77906
   1.103307e-08   -4.356047e-06      0.01360703       -33.13053
       2846.154        3115.385
