              0               0               0       -4192.308
   4.911271e-07    -9.46275e-05      -0.9945144        33.81792
   1.539352e-07    0.0009246965      -0.1049403       -13.60977
       580.5435         598.664
              0               0               1       -4192.308
   5.764287e-09   -1.276872e-06    0.0001097973         15.7687
   -2.90345e-08    9.415823e-07    -0.009879009       -15.20679
      -4192.308       -3923.077
              0               0               0       -3923.077
   2.891785e-07   -9.208564e-05      -0.9931772        34.97883
   1.123454e-06    0.0008146676      -0.1169695       -16.42229
       616.5786        635.8385
              0               0               1       -4192.308
   7.461517e-09    -1.83158e-06     0.004264211        33.81792
  -2.373567e-08    1.145901e-06    -0.009034539       -13.60977
      -4192.308       -3923.077
