              0               0               0       -1096.154
   2.047416e-08    6.048945e-06      -0.9999248       -338.8502
   6.234059e-06   -0.0004424802     -0.01078017       -60.26466
       1216.551        1241.876
              0               0               1       -1096.154
   8.899492e-06    -0.001373571       0.6112111       -364.1695
   2.057117e-05     -0.00395505       0.6294671       -60.72021
      -1096.154       -1019.231
              0               0               0       -1019.231
    3.86412e-07   -1.890483e-05      -0.9982861       -298.6487
   5.735605e-06   -0.0003506731      0.05792093       -27.53591
       1086.518        1109.133
              0               0               1       -1096.154
    8.20789e-06    -0.001263167       0.5712181       -338.8502
   1.993159e-05     -0.00378122       0.5983985       -60.26466
      -1096.154       -1019.231
