              0               0               0       -711.5385
  -5.932316e-06    -0.002053087      -0.7778322        101.6641
   1.680931e-05      0.00268219      -0.6286959       -29.68846
       401.0106        414.4088
              0               0               1       -711.5385
   5.379868e-06   -0.0004842905       0.1137332        90.85971
   9.758751e-06    0.0003441958       -0.215175       -37.58994
      -711.5385       -634.6154
              0               0               0       -634.6154
   2.673424e-05     -0.00412707      -0.5764468        107.8163
  -8.261414e-06     0.003002985      -0.8161332       -37.00107
       412.0105        425.7425
              0               0               1       -711.5385
   3.970578e-06   -0.0003397344      0.08261787        101.6641
   1.020655e-05    0.0002167006      -0.1721269       -29.68846
      -711.5385       -634.6154
