              0               0               0       -3846.154
  -8.296742e-07    0.0001833031      -0.9940393       -82.02368
  -1.427832e-05     0.001641125        0.108105       -21.77046
       745.1539        764.7983
              0               0               1       -3846.154
  -1.741055e-08    1.205004e-05     -0.02518031       -101.4866
  -1.660515e-07    0.0001112926     -0.01864806       -19.12173
      -3846.154       -3557.692
              0               0               0       -3557.692
  -1.749767e-06    0.0002034413      -0.9922298       -87.59922
  -1.702317e-05     0.001569755        0.123713       -22.32521
       790.3924        811.1924
              0               0               1       -3846.154
  -1.217581e-08    8.440123e-06     -0.02075003       -82.02368
  -1.476361e-07     9.78526e-05     -0.01786504       -21.77046
      -3846.154       -3557.692
