              0               0               0        865.3846
   3.270226e-07   -0.0002968226       0.9907215        51.56197
   1.468766e-05    -0.002107627      -0.1353665        75.19477
       188.1149        203.7912
              0               0               1        865.3846
   4.223639e-07   -0.0004045883       0.3580308        67.02108
  -2.468323e-06     0.001981833      -0.2696297        72.61138
       865.3846        942.3077
              0               0               0        942.3077
   1.739511e-07   -0.0002998944       0.9744091        74.44039
   3.445242e-06    -0.001235945      -0.2251713        67.03935
       221.9342        240.4288
              0               0               1        865.3846
   6.616745e-07   -0.0004297201       0.3265596        51.56197
  -2.269882e-06     0.001955958      -0.2430476        75.19477
       865.3846        942.3077
