              0               0               0           -1250
   4.428151e-07   -1.219743e-06      -0.9861783       -315.8744
  -2.759293e-06    4.891377e-06      -0.1653701       -125.4448
       1375.068        1405.597
              0               0               1           -1250
   5.665767e-06    0.0009224371       0.1581161       -345.9696
   7.015315e-06     0.001824246       0.1263211       -130.5673
          -1250       -1173.077
              0               0               0       -1173.077
   1.096121e-07    8.649895e-06      -0.9917659       -297.3702
  -1.176451e-06   -5.976481e-05      -0.1278779        -103.123
       1290.315         1318.96
              0               0               1           -1250
   5.289403e-06    0.0008293033       0.1454647       -315.8744
   6.655156e-06     0.001704333       0.1197013       -125.4448
          -1250       -1173.077
