              0               0               0        865.3846
   6.117399e-06    -1.05958e-05       0.9698531        173.4348
   2.862706e-05    -8.13484e-05       -0.244018        45.88923
       313.5249        329.2011
              0               0               1        865.3846
  -2.354181e-06   -0.0003242491       0.6455178        188.6594
  -4.489982e-06     0.001064356      -0.2820437        42.15424
       865.3846        942.3077
              0               0               0        942.3077
   2.158022e-06    0.0001281435       0.9783548        217.1727
   1.820972e-05    0.0005399724      -0.2076157        28.25271
       369.8904        388.3849
              0               0               1        865.3846
   -2.11557e-06    -0.000293848       0.6037155        173.4348
  -4.242945e-06     0.001315019      -0.3053239        45.88923
       865.3846        942.3077
