              0               0               0       -2576.923
   1.633183e-07   -4.794624e-05      -0.9975473       -30.92377
   5.067342e-06    0.0006630971     -0.07025943       -36.46519
       871.3227        896.1909
              0               0               1       -2576.923
   2.584964e-09    5.449158e-06    -0.006974749       -55.75808
  -4.710639e-09   -3.213918e-06     -0.01763505       -37.72441
      -2576.923       -2307.692
              0               0               0       -2307.692
   8.232579e-08    -6.71056e-05      -0.9951859       -31.27495
   4.405872e-06    0.0006604799     -0.09821892       -40.76761
       910.8212        936.8179
              0               0               1       -2576.923
   3.044862e-09     5.21202e-06    -0.002928346       -30.92377
  -2.691447e-09   -1.883345e-06     -0.01527825       -36.46519
      -2576.923       -2307.692
