              0               0               0       -461.5385
   2.021934e-05     -0.00489803       0.2777538        120.1743
   1.644982e-05    -0.001390407      -0.9600891        73.40032
       328.5825        342.8687
              0               0               1       -461.5385
  -8.526769e-07    0.0001651929      0.02302782        123.2016
   3.517479e-06   -0.0008088604     -0.07741717        59.44848
      -461.5385       -307.6923
              0               0               0       -307.6923
   2.582674e-05    -0.005387878       0.2395165        125.1995
   2.394513e-05    -0.001369157      -0.9703701        54.81673
       318.0011        331.8273
              0               0               1       -461.5385
  -1.064127e-06    0.0002024551       0.0267033        120.1743
    3.47176e-06   -0.0008062888     -0.07892069        73.40032
      -461.5385       -307.6923
