              0               0               0       -788.4615
  -5.827267e-06    0.0002319546       0.9971026      -0.2708604
   1.178936e-06    -0.002964625      0.07523468         87.0646
       187.6674        202.1033
              0               0               1       -788.4615
   8.274167e-07   -0.0006178966       0.2790348        14.15407
  -6.918619e-06    0.0008592035       0.3249523        87.53641
      -788.4615       -711.5385
              0               0               0       -711.5385
  -1.040489e-05   -0.0001014349       0.9996613        19.02538
  -2.450789e-05    -0.003329044     -0.02793095        115.4936
       173.6902         187.051
              0               0               1       -788.4615
   8.972751e-07    -0.000768048       0.3046224      -0.2708604
  -6.465066e-06    0.0007682317       0.3487366         87.0646
      -788.4615       -711.5385
