              0               0               0        935.8974
  -1.729724e-05    0.0005871039      -0.9675865       -74.64622
   8.586532e-06     0.001384705       0.2423409     -0.02182088
      -72.91412       -54.68559
              0               0               1        935.8974
   1.138898e-06   -0.0002253394      -0.1143639       -92.19359
   8.012761e-09   -2.856639e-05      0.07525758        4.907815
       935.8974        1048.718
              0               0               0        1048.718
  -7.030861e-06    0.0005541982      -0.9273428       -85.86259
   1.112824e-05    0.0009524429       0.3684664        4.239861
      -89.13081       -66.84811
              0               0               1        935.8974
   1.455883e-06   -0.0003245683       -0.081331       -74.64622
   1.177364e-06   -0.0003240589      0.05934846     -0.02182088
       935.8974        1048.718
