              0               0               0        2692.308
   5.845248e-07    0.0001497984      -0.9795242       -27.87673
   3.493786e-06    0.0006883634       0.2007812       -22.32428
       -147.292       -122.7434
              0               0               1        2692.308
   6.308246e-09   -5.062485e-06      0.01563728       -51.82383
   -6.70256e-09    6.120315e-06     0.001891791       -16.92885
       2692.308        2980.769
              0               0               0        2980.769
   2.134681e-07    0.0001504547      -0.9831343       -24.71245
   2.462397e-06    0.0007570237       0.1820351       -20.72914
       -140.094        -116.745
              0               0               1        2692.308
   6.327606e-09    -5.35284e-06      0.01198707       -27.87673
  -5.700891e-09    4.236024e-06      0.00478226       -22.32428
       2692.308        2980.769
