              0               0               0        1173.077
   2.854238e-05    0.0002478412      -0.8552741       -121.1582
  -1.594283e-05     0.001403403       0.5338233        24.15171
      -80.71205       -53.80804
              0               0               1        1173.077
    3.12562e-06   -7.574372e-05      -0.1456129       -143.4333
  -6.806139e-06    0.0004760813       0.1708187        39.21905
       1173.077            1250
              0               0               0            1250
   2.383258e-05     0.000278567      -0.8098101       -130.2767
  -1.369479e-05     0.001209517       0.6011328         33.3401
      -89.93017       -59.95344
              0               0               1        1173.077
   3.046195e-06   -9.806136e-05      -0.1290214       -121.1582
   -5.18223e-06    0.0003743344       0.1213183        24.15171
       1173.077            1250
