              0               0               0       -1048.718
    2.11253e-06    0.0001100116       0.9092345       -118.0759
   -4.88141e-06     -0.00024005       0.4162618        51.14493
       260.7098        284.4107
              0               0               1       -1048.718
   2.216575e-06    -0.000488931       0.3235221       -96.43626
   3.148544e-06   -0.0009214228      0.08747139        60.81087
      -1048.718       -935.8974
              0               0               0       -935.8974
   3.653213e-06    4.578802e-05       0.9486942       -81.66622
  -1.151165e-05   -0.0001358145       0.3162082         57.3981
       216.1774        235.8299
              0               0               1       -1048.718
   2.376549e-06   -0.0004911785       0.3478869       -118.0759
   3.444088e-06    -0.001026329       0.1273788        51.14493
      -1048.718       -935.8974
