              0               0               0       -2576.923
   1.564063e-06    0.0002014681       0.9579247       -111.9689
  -8.125022e-06   -0.0006516865       0.2871467        74.55812
       298.8677        323.7733
              0               0               1       -2576.923
  -1.209839e-08   -2.495958e-07     -0.02251763       -87.96209
  -5.549242e-09   -6.890608e-06   -0.0002110921        81.17994
      -2576.923       -2307.692
              0               0               0       -2307.692
   1.626757e-06    0.0002121821       0.9496763       -119.1752
  -7.433976e-06    -0.000624812       0.3133462         72.9123
       312.4097        338.4438
              0               0               1       -2576.923
  -1.145879e-08    8.350258e-08     -0.02595814       -111.9689
   -7.50378e-09   -7.913096e-06    -0.003438684        74.55812
      -2576.923       -2307.692
