              0               0               0       -3269.231
  -9.740086e-07    6.127743e-05       -0.984856       -114.8375
  -5.237107e-06    0.0003309455       0.1735271       -20.46788
       857.9261        879.9052
              0               0               1       -3269.231
   3.314556e-09   -4.030981e-07     -0.02756781       -136.4645
   3.115995e-08   -2.582465e-05     -0.01160282       -16.54964
      -3269.231       -2980.769
              0               0               0       -2980.769
  -7.569855e-07    5.325733e-05      -0.9873024       -121.5006
  -4.158594e-06    0.0002988208       0.1591991       -25.09718
        905.122        928.3058
              0               0               1       -3269.231
   2.395912e-09    2.545838e-07     -0.02337135       -114.8375
    2.73694e-08    -2.26816e-05     -0.01178287       -20.46788
      -3269.231       -2980.769
