              0               0               0       -1769.231
   1.927315e-06    7.112114e-05       0.9098524       -160.6171
  -4.429026e-06    -0.000155328       0.4149328        51.88718
       310.9994        339.2721
              0               0               1       -1769.231
   4.163543e-07   -7.605731e-05     -0.04160794       -134.7927
   1.919248e-07    -6.55437e-05     -0.03527781        63.39419
      -1769.231           -1500
              0               0               0           -1500
   2.184685e-06    7.703856e-05          0.8764       -169.2948
  -4.172197e-06   -0.0001388626       0.4815965        38.94548
       323.6964        353.1234
              0               0               1       -1769.231
   4.103331e-07   -7.204394e-05      -0.0425781       -160.6171
   2.178936e-07   -7.551245e-05     -0.04353298        51.88718
      -1769.231           -1500
