              0               0               0        1826.923
   2.357984e-06    0.0002560248      -0.9361884       -67.79813
  -6.380552e-07    0.0007802553       0.3530523       -13.46444
      -140.7673       -112.6138
              0               0               1        1826.923
  -5.116177e-08    3.174493e-05      0.01782883       -93.89952
   4.222264e-08   -1.482824e-05     -0.01446931       -2.920591
       1826.923        2115.385
              0               0               0        2115.385
   2.599942e-06      0.00022521      -0.9535176       -61.84757
  -6.859409e-07    0.0008326786         0.30315       -16.08078
       -134.818       -107.8544
              0               0               1        1826.923
  -4.438834e-08    2.555017e-05      0.01695192       -67.79813
   1.917598e-08   -2.012141e-06     -0.01008517       -13.46444
       1826.923        2115.385
