              0               0               0       -1096.154
  -1.479312e-06    0.0003629093       0.9690178       -38.98046
  -1.543607e-07    -0.001425221       0.2473351        83.53855
       380.4397        405.8023
              0               0               1       -1096.154
   5.528891e-06    -0.001008622       0.2254202       -14.19429
   -1.15532e-06    -0.000234685     -0.01238741        88.89231
      -1096.154       -1019.231
              0               0               0       -1019.231
  -2.267049e-06    0.0003189432       0.9833952       -22.72199
   4.005101e-07    -0.001689068       0.1815095        82.77507
       339.8243        362.4792
              0               0               1       -1096.154
   6.064448e-06    -0.001082591        0.258752       -38.98046
  -1.243038e-07   -0.0004488068      0.02533381        83.53855
      -1096.154       -1019.231
