              0               0               0       -2403.846
   0.0001158481    -0.002126289       0.9202456        160.4021
  -8.386985e-05    0.0006633514      -0.2974797        64.41167
       589.6226        615.2583
              0               0               1       -2403.846
   3.491586e-09   -5.445779e-06        0.024048        184.5477
    3.48492e-08    6.771615e-06      0.02115287        55.80849
      -2403.846       -2115.385
              0               0               0       -2115.385
   0.0001104489    -0.002102059       0.9294284        165.5442
  -7.040904e-05    0.0004969723      -0.2658653        71.45089
       617.4065        644.2502
              0               0               1       -2403.846
    -5.3971e-10   -5.003828e-06      0.01931424        160.4021
   2.854851e-08    6.328885e-06      0.02020145        64.41167
      -2403.846       -2115.385
