              0               0               0        153.8462
    3.35357e-05     0.002698465      -0.6914854       -58.90974
   9.621797e-06     0.002644222        0.722731       -45.05008
      -80.45052        -67.0421
              0               0               1        153.8462
  -5.057072e-07   -2.809256e-05      0.01173621       -67.61548
   6.427279e-07   -0.0001515427      0.00110867       -34.86081
       153.8462        307.6923
              0               0               0        307.6923
  -3.369109e-06     0.003654731      -0.6880537       -59.64006
  -2.186822e-05     0.003445811       0.7255941       -46.36819
      -81.45961       -67.88301
              0               0               1        153.8462
  -5.797499e-07   -2.155054e-05      0.01229028       -58.90974
   4.110392e-07   -0.0001492256     0.004661313       -45.05008
       153.8462        307.6923
