              0               0               0       -2692.308
  -2.986019e-06   -7.559698e-05       0.9982202       -368.8602
   1.774631e-05    0.0009439069      0.06256006        9.103539
        24.4252        48.85041
              0               0               1       -2692.308
   7.241011e-09    1.278709e-06     -0.06126477       -344.5671
   1.320785e-08    -2.65449e-05     -0.03098396         11.4533
      -2692.308       -2403.846
              0               0               0       -2403.846
  -3.301932e-06   -9.427846e-05       0.9964459       -387.3864
   1.641187e-05    0.0009102242      0.08795806       -2.505719
       25.63576        51.27153
              0               0               1       -2692.308
   8.183751e-09    1.188108e-06     -0.06524808       -368.8602
   1.310308e-08    -2.76759e-05      -0.0333523        9.103539
      -2692.308       -2403.846
