              0               0               0       -3557.692
   3.033819e-07   -4.677994e-05       -0.997967       -4.532347
   9.859603e-07    0.0007445426     -0.06365487       -23.65198
       707.1923        727.9924
              0               0               1       -3557.692
   3.152117e-09   -3.587678e-07    -0.007315556       -25.30759
   2.579692e-08   -2.447854e-05    -0.004049277       -24.64501
      -3557.692       -3269.231
              0               0               0       -3269.231
   3.682866e-07   -4.903414e-05      -0.9979809       -5.417532
   9.159884e-07    0.0007759242      -0.0634148       -26.22149
       748.0305        770.0096
              0               0               1       -3557.692
   2.629639e-09    7.536317e-08    -0.003309192       -4.532347
   2.521193e-08   -2.147626e-05    -0.004810447       -23.65198
      -3557.692       -3269.231
