              0               0               0       -634.6154
   6.910628e-06    -0.002431098      -0.8381398        78.34286
   2.062568e-05     0.003670327      -0.5458267       -65.42413
       453.2066        466.9386
              0               0               1       -634.6154
  -1.400433e-05     0.001325696       0.2004971        66.39297
  -1.365896e-05     0.002449426     -0.09315501       -72.17391
      -634.6154       -557.6923
              0               0               0       -557.6923
  -4.583492e-06    -0.003065662      -0.6949067        93.62356
   2.470224e-05     0.002944697      -0.7183826       -61.65426
       468.8884        482.8827
              0               0               1       -634.6154
   -1.21001e-05     0.001117513       0.1842848        78.34286
  -1.529532e-05     0.002562959     -0.05763758       -65.42413
      -634.6154       -557.6923
