              0               0               0        935.8974
  -1.387803e-06    0.0001742392       0.9927776       -18.09612
   5.052246e-06    -0.001547561       0.1195357        70.62172
       127.8769        146.1451
              0               0               1        935.8974
   8.557369e-07   -0.0001861468       0.1429267      0.08976531
  -6.819675e-06     0.001461176       0.0518914        72.31975
       935.8974        1048.718
              0               0               0        1048.718
  -9.106616e-07    2.764101e-05       0.9996601       -7.240078
  -1.746493e-06    -0.001216464       0.0260032        87.02442
       156.2284        178.5468
              0               0               1        935.8974
   7.638675e-07   -0.0001451733       0.1028796       -18.09612
  -6.544968e-06     0.001414733      0.06908411        70.62172
       935.8974        1048.718
