              0               0               0        4711.538
   2.246819e-06   -0.0003383112      -0.9843886        103.3807
   4.346773e-06     0.001846305      -0.1756413       -7.106978
      -209.4121       -193.3034
              0               0               1        4711.538
  -8.134411e-10   -1.435895e-06     -0.01670255         87.4452
   -2.61444e-08     -7.6633e-07       0.0133964       -9.439054
       4711.538            5000
              0               0               0            5000
    4.19275e-06   -0.0004090377      -0.9834662        97.23073
  -4.436516e-06     0.002153805      -0.1807254       -4.035254
       -193.857        -178.945
              0               0               1        4711.538
   3.666267e-10   -1.302571e-06     -0.02097478        103.3807
  -3.091382e-08   -9.907085e-07      0.01350676       -7.106978
       4711.538            5000
