              0               0               0        461.5385
   4.758342e-05     0.003351409       0.3701333       -78.95394
  -3.943158e-05    -0.001303585       0.9295125        80.69478
       39.11385        52.15179
              0               0               1        461.5385
  -1.200137e-06   -1.205665e-05      0.02000714         -73.453
  -2.336999e-06   -0.0003440013      0.07513843        92.50473
       461.5385        557.6923
              0               0               0        557.6923
   3.371294e-05      0.00376795       0.3560771       -77.91077
   -3.46842e-05    -0.001383973       0.9348361        82.88549
       38.12673        50.83564
              0               0               1        461.5385
  -1.176187e-06   -1.041369e-05      0.02272482       -78.95394
  -2.639403e-06   -0.0003399505      0.07987373        80.69478
       461.5385        557.6923
