              0               0               0       -2980.769
   4.277337e-05    -0.002867993      -0.8910687        152.0053
   1.298181e-05    0.0007424154      -0.3787414        4.677186
       626.9169        650.1007
              0               0               1       -2980.769
   4.464096e-09   -3.715172e-07      0.02170555        130.3384
   5.768226e-09    3.853276e-06    0.0003423899        -3.54266
      -2980.769       -2692.308
              0               0               0       -2692.308
   3.925465e-05    -0.002786534      -0.8833006        159.3052
    1.23383e-05    0.0006622103       -0.395194        6.080132
       659.4049        683.7922
              0               0               1       -2980.769
   3.799086e-09    -6.21693e-07       0.0251696        152.0053
   7.691333e-09    4.284103e-06     0.002987751        4.677186
      -2980.769       -2692.308
