              0               0               0        1538.462
    9.46351e-07    0.0002257502      -0.9214082       -47.65827
   2.580633e-06    0.0005147906       0.3882966       -19.90067
      -176.2427        -146.869
              0               0               1        1538.462
   1.642584e-07   -0.0001165965      0.04321528       -74.50475
  -1.140419e-07    9.667799e-05     -0.03739262       -7.985351
       1538.462        1826.923
              0               0               0        1826.923
   6.635959e-07    0.0001999772      -0.9490264       -41.25307
   2.401914e-06    0.0005773887       0.3148299       -22.83924
      -168.9208       -140.7673
              0               0               1        1538.462
   1.412067e-07   -0.0001033689      0.04027281       -47.65827
  -1.649121e-08     2.49499e-05      -0.0160119       -19.90067
       1538.462        1826.923
