              0               0               0       -246.1538
   1.715206e-05    -0.002516134       0.9026444        65.52809
   5.930001e-05    -0.005217121       -0.428509        124.0967
       215.6783        229.1582
              0               0               1       -246.1538
  -2.243888e-07     0.000114047     -0.01171688        77.28045
  -5.787788e-07    0.0003237347     -0.03654809        117.5177
      -246.1538       -123.0769
              0               0               0       -123.0769
  -7.457899e-06    -0.002024923       0.9050421        65.40538
    9.29752e-06    -0.004181767      -0.4248653        123.2636
       214.3282        227.7237
              0               0               1       -246.1538
  -2.375757e-07     0.000106593     -0.01051732        65.52809
   -5.13874e-07    0.0003229066     -0.03872676        124.0967
      -246.1538       -123.0769
