              0               0               0        369.2308
   6.937358e-06    0.0002703077      -0.9988332        16.06407
  -3.302942e-05     0.005110113      0.03750557       -85.19532
      -171.4467       -157.1595
              0               0               1        369.2308
  -1.010811e-06   -0.0004896759    -0.004706984        1.868929
   2.416626e-06   -8.321389e-05     -0.07836606       -83.71269
       369.2308        484.6154
              0               0               0        484.6154
   1.629016e-05    0.0004744259      -0.9954121        8.522475
   3.078356e-07     0.004737737      0.09842781       -92.81913
      -186.1803       -170.6653
              0               0               1        369.2308
  -1.908634e-06    -0.000425836     0.009185192        16.06407
    2.25225e-06   -0.0001384631     -0.08008211       -85.19532
       369.2308        484.6154
