              0               0               0       -2980.769
  -1.432437e-06   -1.220367e-05       0.9999201        -10.0257
   1.773045e-06    -0.001518849    -0.009415557        87.41381
       371.5516        394.7736
              0               0               1       -2980.769
   1.932094e-09   -4.164539e-06    -0.004255105        13.16991
  -2.582467e-09    1.396066e-06     0.009961231        86.39831
      -2980.769       -2692.308
              0               0               0       -2692.308
  -1.207356e-06    1.088621e-05       0.9999325       -12.77014
   2.868733e-06    -0.001478032     0.008545048        89.95718
       390.8033        415.2285
              0               0               1       -2980.769
   1.602524e-09   -4.040578e-06    -0.008481877        -10.0257
   -3.78745e-09    3.427619e-07     0.009033315        87.41381
      -2980.769       -2692.308
