              0               0               0       -711.5385
   1.786213e-05    -0.002291534      -0.8360423        90.85971
  -5.857431e-06     0.003357833      -0.5477705       -37.58994
       414.4088         427.807
              0               0               1       -711.5385
   6.612857e-06   -0.0006016643       0.1378558        79.28986
   9.536356e-06    0.0004123031      -0.2556549        -44.3404
      -711.5385       -634.6154
              0               0               0       -634.6154
  -4.807122e-06    -0.003025725      -0.6746691        99.19153
   2.864948e-05     0.002662648      -0.7383326       -47.66335
       425.7425        439.4746
              0               0               1       -711.5385
   5.379868e-06   -0.0004842905       0.1137332        90.85971
   9.758751e-06    0.0003441958       -0.215175       -37.58994
      -711.5385       -634.6154
