              0               0               0        1538.462
  -2.239272e-06    0.0001681579       0.9964813       -74.27585
   1.583467e-07   -0.0007318208       0.0503993          103.19
       117.6997        147.1246
              0               0               1        1538.462
  -2.056664e-07    0.0001548862     -0.03761096       -44.86593
  -2.646426e-07    0.0001936535      -0.0626275        104.0434
       1538.462        1826.923
              0               0               0        1826.923
  -2.533965e-06     0.000240896        0.989363       -75.79278
   3.670414e-07   -0.0007794256       0.1290259        92.71307
        112.777        140.9712
              0               0               1        1538.462
   -1.42678e-07     0.000111759     -0.02562464       -74.27585
   -3.41566e-07    0.0002519619     -0.08057963          103.19
       1538.462        1826.923
