              0               0               0        2576.923
  -1.181976e-06    5.804319e-05       0.9990093        28.04521
  -3.219245e-06    -0.001215638      0.04537506        90.85181
       200.5814        225.6541
              0               0               1        2576.923
   3.370169e-09    2.667978e-06     -0.01146361         53.1109
   2.144511e-10   -2.428811e-06    -0.007529208        91.17455
       2576.923        2846.154
              0               0               0        2846.154
  -1.015973e-06    8.291134e-05       0.9977608        26.35676
  -3.971964e-06    -0.001228343      0.06652836        88.14138
       191.5758        215.5228
              0               0               1        2576.923
   3.221362e-09    2.830668e-06    -0.007267007        28.04521
   6.504678e-10   -1.126072e-06    -0.009811291        90.85181
       2576.923        2846.154
