              0               0               0       -246.1538
   1.150807e-05     0.001963413      -0.9051926       -26.02774
  -1.091834e-05      0.00422394       0.4254933       -69.10972
       552.7335         566.217
              0               0               1       -246.1538
   8.294563e-07   -0.0003390883      0.03296927       -37.84775
   2.055241e-07   -0.0002328164       0.0326367       -62.63141
      -246.1538       -123.0769
              0               0               0       -123.0769
  -2.577362e-06     0.002163013      -0.9044581       -25.64231
   -3.05112e-05      0.00455278       0.4249337       -68.19643
       549.2918         562.692
              0               0               1       -246.1538
    7.66775e-07   -0.0003076825      0.02938524       -26.02774
   3.711447e-07   -0.0002956227      0.03818274       -69.10972
      -246.1538       -123.0769
