              0               0               0       -634.6154
   9.368199e-06    -0.001350707      -0.9490206        53.66572
   2.832285e-05     0.003953337      -0.3170003       -77.30806
       480.6706        494.4026
              0               0               1       -634.6154
  -1.698344e-05     0.001688587       0.2145407        40.40331
  -9.372324e-06      0.00204248      -0.1568004        -80.8423
      -634.6154       -557.6923
              0               0               0       -557.6923
   2.164897e-05    -0.002598923      -0.8653681        71.72766
   -1.04041e-05     0.004598653      -0.5013745       -78.93985
        496.877        510.8713
              0               0               1       -634.6154
  -1.567911e-05     0.001523148       0.2104159        53.66572
  -1.160545e-05     0.002269198      -0.1270957       -77.30806
      -634.6154       -557.6923
