              0               0               0       -2846.154
   4.988152e-07   -9.947464e-05       0.9631481       -219.0315
  -1.912439e-06     0.000352478       0.2689932        41.02073
       166.4772        190.2597
              0               0               1       -2846.154
   4.739284e-09   -1.825235e-06     -0.03922716        -196.175
  -2.960709e-09   -1.085249e-05     -0.01033254        47.59169
      -2846.154       -2576.923
              0               0               0       -2576.923
    3.65248e-07    -9.75136e-05       0.9574918       -230.5681
   -1.32476e-06    0.0003199681       0.2885007        36.60212
       174.3395        199.2451
              0               0               1       -2846.154
   4.722846e-09   -1.331117e-06     -0.04283417       -219.0315
  -3.063447e-09   -1.214646e-05     -0.01291971        41.02073
      -2846.154       -2576.923
