              0               0               0       -942.3077
   4.361914e-07   -0.0001171815       0.9514588       -140.1957
   -1.69173e-06    0.0003670012       0.3077008        38.40279
       159.0463        178.9271
              0               0               1       -942.3077
   5.489903e-06   -0.0002650183       0.3761217       -121.3228
   1.328638e-05   -0.0006992035      0.06337896        44.65189
      -942.3077       -865.3846
              0               0               0       -865.3846
   7.360177e-07   -9.633661e-05       0.9689873       -108.0071
   -3.03757e-06    0.0003745328       0.2471005        47.11707
       136.8182        153.9204
              0               0               1       -942.3077
   5.729167e-06   -0.0002454094       0.4034286       -140.1957
   1.287853e-05   -0.0007656015      0.09597371        38.40279
      -942.3077       -865.3846
