              0               0               0        1048.718
  -9.315582e-07    9.001352e-05       0.9970342       -29.52671
  -3.434907e-06   -0.0009864794      0.07516924        85.87633
       133.9101        156.2284
              0               0               1        1048.718
    7.78408e-07    0.0001133664      0.09929116       -7.240078
   3.091267e-06   -0.0008004869       0.1383837        87.02442
       1048.718        1161.538
              0               0               0        1161.538
  -8.692117e-07   -1.378568e-05       0.9992969       -19.86007
  -2.296836e-06   -0.0008325171      -0.0322168        98.36234
       158.5627        184.9899
              0               0               1        1048.718
   6.189634e-07    0.0001221833      0.06401837       -29.52671
   3.301055e-06    -0.000752884       0.1535948        85.87633
       1048.718        1161.538
