              0               0               0        711.5385
  -1.896307e-05     0.003385863       0.6487062       -67.38766
   2.397026e-06    -0.002895242       0.7609173        87.20069
       67.40217         80.8826
              0               0               1        711.5385
  -1.657673e-06    0.0005224432      0.06973346       -58.07399
    3.36105e-06   -0.0006743342      -0.1817969        96.93793
       711.5385        788.4615
              0               0               0        788.4615
  -5.572174e-08     0.001554348       0.8254098       -61.90806
  -7.907055e-06    -0.002359755       0.5653354        73.24837
        68.1275          81.753
              0               0               1        711.5385
  -2.080914e-06    0.0004738605      0.04709705       -67.38766
    2.23936e-06   -0.0004524058      -0.1598304        87.20069
       711.5385        788.4615
