              0               0               0       -1096.154
    2.70682e-06    0.0002981411       0.9007493       -110.0606
  -7.441473e-06   -0.0006061442       0.4344085         56.7769
       304.3517        329.7144
              0               0               1       -1096.154
   6.823412e-06    -0.001171587       0.3160796        -86.9793
   2.249802e-06   -0.0009139508       0.1083508        67.28333
      -1096.154       -1019.231
              0               0               0       -1019.231
   3.398537e-06    0.0002745198       0.9281516        -87.6998
  -1.170778e-05    -0.000660676       0.3723644        63.27337
       271.8594        294.5144
              0               0               1       -1096.154
   7.088873e-06    -0.001195445        0.340702       -110.0606
   3.466952e-06     -0.00114602       0.1520951         56.7769
      -1096.154       -1019.231
