              0               0               0       -3557.692
  -1.684942e-07   -0.0002083165       0.9870281        35.45787
   5.621622e-06    -0.001302045      -0.1604961        77.31881
       374.3944         395.194
              0               0               1       -3557.692
   1.077876e-09   -1.759568e-06     0.006550691        55.89611
  -8.786075e-09    2.304351e-06      0.01245242        73.46783
      -3557.692       -3269.231
              0               0               0       -3269.231
  -3.773563e-07   -0.0001805613       0.9890668        35.98856
   3.902114e-06    -0.001210914      -0.1476988        80.83634
       396.1574        418.1661
              0               0               1       -3557.692
   9.888555e-10    -1.75321e-06     0.002263159        35.45787
  -8.304726e-09    1.914965e-06      0.01233275        77.31881
      -3557.692       -3269.231
