              0               0               0       -3653.846
   -1.55485e-07   -0.0001995706       0.9773494        55.06146
  -2.992891e-06   -0.0008492509      -0.2110602        72.09065
       387.3681        407.7559
              0               0               1       -3653.846
  -2.608654e-08    1.061491e-05      0.01102489        74.90319
  -4.926803e-08    2.287388e-05      0.01113924        67.40923
      -3653.846       -3384.615
              0               0               0       -3384.615
  -2.906752e-08   -0.0002044167        0.979895        57.12799
  -1.606749e-06   -0.0009326999      -0.1989538        75.83707
        409.103        430.6347
              0               0               1       -3653.846
  -2.497074e-08    1.009014e-05     0.006769114        55.06146
   -4.82887e-08    2.220648e-05      0.01143684        72.09065
      -3653.846       -3384.615
