              0               0               0        711.5385
   1.897139e-05    -0.004128173      -0.5645233        121.0223
   9.582685e-06      0.00271817      -0.8248962       -20.86791
       -283.388       -269.8933
              0               0               1        711.5385
  -1.016933e-06     0.001917647       0.1561623        112.6991
  -1.172448e-05     0.002592961       0.1355106       -31.48106
       711.5385        788.4615
              0               0               0        788.4615
   3.905142e-05    -0.001981559       -0.820722        147.0876
  -5.241464e-05     0.002815189        -0.56991       -3.651029
      -287.1212       -273.4488
              0               0               1        711.5385
  -6.026533e-07     0.001893466       0.1967639        121.0223
  -1.204298e-05     0.002639446      0.09204537       -20.86791
       711.5385        788.4615
