              0               0               0       -935.8974
   1.714548e-06    -4.68924e-05      -0.9995434        -18.3005
   1.253564e-05     0.001184443     -0.03087355       -19.41783
       707.0784        726.6935
              0               0               1       -935.8974
   2.976081e-07    0.0003646784       0.1691929       -37.91175
  -5.724616e-06   -0.0005955944       0.1390057        -19.4731
      -935.8974       -823.0769
              0               0               0       -823.0769
   2.039214e-06    7.304193e-05      -0.9994016        1.759111
  -2.288801e-05     0.002717521      0.02779073       -20.59513
       559.7248        575.2727
              0               0               1       -935.8974
   6.327676e-07      0.00032698       0.1328569        -18.3005
  -5.341774e-06   -0.0005635683       0.1211395       -19.41783
      -935.8974       -823.0769
