              0               0               0       -942.3077
   1.261181e-05   -0.0004309592       0.9747754        111.7354
  -1.328046e-05    -0.001019695      -0.2124167        68.24024
       417.4965        437.3772
              0               0               1       -942.3077
   1.501691e-06   -0.0001748568     -0.06005894        131.0434
   5.603603e-06    9.206304e-05      -0.1962732        63.50984
      -942.3077       -865.3846
              0               0               0       -865.3846
   1.815084e-05   -0.0006605311       0.9546721        109.8477
  -1.216332e-05    -0.001373772      -0.2889568         56.9117
       359.1477          376.25
              0               0               1       -942.3077
    2.08037e-06   -0.0002013685     -0.02135943        111.7354
   6.486766e-06    5.344855e-05      -0.1897657        68.24024
      -942.3077       -865.3846
