              0               0               0           -5000
   -9.60494e-05    0.0002386217       0.9364296         88.7423
   7.986332e-05      -0.0023389      -0.3767962        46.02085
       324.9799        339.7517
              0               0               1           -5000
   8.946129e-10   -8.964827e-07        0.023435        102.3175
   7.370349e-10    3.471563e-07     0.005423179        40.20195
          -5000       -4711.538
              0               0               0       -4711.538
  -7.852833e-05    0.0002029656       0.9383008        94.30002
   7.637011e-05    -0.002236723      -0.3718322         48.0139
       351.5366        367.5155
              0               0               1           -5000
   1.147362e-09   -1.178677e-06       0.0195113         88.7423
    1.39679e-09   -3.737708e-07     0.006900837        46.02085
          -5000       -4711.538
