              0               0               0        246.1538
   1.364793e-06    -0.004028537       0.3979816         118.756
   8.214609e-06    -0.001672781      -0.9169791        66.22546
       294.7387        308.1359
              0               0               1        246.1538
   -1.83365e-06    0.0001295867     0.009209239         123.368
   7.921506e-07    0.0002968146      0.02141458        53.66001
       246.1538        369.2308
              0               0               0        369.2308
   3.399414e-05    -0.004960253       0.3863003        118.6133
   2.346042e-05    -0.002013025       -0.922029        75.16021
       300.0827        313.7228
              0               0               1        246.1538
  -1.942354e-06    0.0001441988      0.01051575         118.756
   4.473417e-07    0.0003361162      0.02445039        66.22546
       246.1538        369.2308
