              0               0               0        3846.154
  -1.444089e-07   -2.881947e-05      -0.9810287          219.47
   8.589874e-07    0.0001454365      -0.1938632       -7.253121
      -356.9522       -337.1215
              0               0               1        3846.154
   6.355278e-08   -3.367854e-05     -0.03746454        200.0031
  -4.036532e-07    0.0002082813      0.01468999       -11.03367
       3846.154        4134.615
              0               0               0        4134.615
  -8.231988e-08    2.115245e-05      -0.9806575         206.077
   4.582614e-07   -0.0001063834      -0.1957284        4.505118
      -333.4117       -314.8889
              0               0               1        3846.154
   6.820582e-08   -3.606515e-05     -0.04170137          219.47
  -4.025074e-07    0.0002076004      0.01436984       -7.253121
       3846.154        4134.615
