              0               0               0       -3923.077
  -4.079384e-07   -9.315314e-05       0.9814043        -211.017
   2.323772e-06     0.000421981        0.192513        38.25449
       96.35179        115.6221
              0               0               1       -3923.077
   7.639716e-09   -2.491698e-06      -0.0464297       -192.1425
  -1.067344e-08     8.43227e-07    -0.001756645        42.13762
      -3923.077       -3653.846
              0               0               0       -3653.846
  -3.221206e-07   -9.422122e-05       0.9793842       -224.5999
     1.8917e-06    0.0004014866       0.2026178        37.20366
        101.939        122.3268
              0               0               1       -3923.077
   6.206586e-09   -2.132421e-06      -0.0503266        -211.017
  -6.561085e-09   -5.207644e-07    -0.003287318        38.25449
      -3923.077       -3653.846
