              0               0               0        3557.692
   4.166536e-06   -0.0002076618      -0.9812805        312.4737
   -2.08152e-05     0.001037829      -0.1918565        11.99704
      -460.8739       -439.9251
              0               0               1        3557.692
  -6.519274e-08    2.002848e-05     -0.04959365        291.8642
   3.108354e-07   -9.695506e-05    -0.008750353        8.241964
       3557.692        3846.154
              0               0               0        3846.154
   2.088699e-06   -0.0001931032      -0.9690419        296.9365
  -7.828409e-06    0.0007698481      -0.2468892        9.765422
      -436.2749       -416.4442
              0               0               1        3557.692
  -5.947806e-08    1.827757e-05     -0.05418545        312.4737
   2.639045e-07   -8.290421e-05    -0.005781109        11.99704
       3557.692        3846.154
