              0               0               0       -4134.615
  -1.320391e-06    5.927057e-06      -0.9815096       -201.7878
  -6.317269e-06    2.472153e-05       0.1913546        11.94762
       827.1189        845.4828
              0               0               1       -4134.615
   4.209787e-08   -1.535558e-05     -0.05663859       -219.8182
   2.123591e-07   -8.085161e-05     -0.02256832        15.43084
      -4134.615       -3846.154
              0               0               0       -3846.154
  -8.810776e-07    6.659563e-05      -0.9780462       -217.2294
  -3.757777e-06    0.0003060389       0.2082888        3.108982
       882.6649        902.3094
              0               0               1       -4134.615
    4.39496e-08   -1.606499e-05     -0.05255397       -201.7878
   2.361547e-07   -8.961029e-05     -0.02444192        11.94762
      -4134.615       -3846.154
