              0               0               0        1048.718
   1.035354e-05    -0.000353527       0.9851753       -95.76887
   8.302165e-06    -0.001556143       0.2167366        76.48505
       66.95504        89.27339
              0               0               1        1048.718
   2.866819e-07    0.0001302118    -0.008176037       -73.84238
   3.588436e-06    -0.000630373       0.1781702        80.63942
       1048.718        1161.538
              0               0               0        1161.538
   8.086382e-06   -0.0004441488        1.002819       -99.03641
    4.42164e-06    -0.001261456       0.1096329        95.77221
       79.28137        105.7085
              0               0               1        1048.718
    1.12395e-07    0.0001294704     -0.04499982       -95.76887
   3.695399e-06   -0.0005588071       0.1869625        76.48505
       1048.718        1161.538
