              0               0               0        634.6154
  -7.203895e-06     0.001511839       0.9389752       -17.52426
  -4.093164e-05    -0.003903165        0.344817        137.3229
       131.1138        144.2252
              0               0               1        634.6154
  -2.905718e-06    0.0009227798      0.02919231       -4.969341
   -2.02807e-06   -0.0007498218      -0.1190856        141.0807
       634.6154        711.5385
              0               0               0        711.5385
  -9.084774e-06     0.001141802       0.9594535       -11.70521
  -4.100927e-06    -0.003998625       0.2822624         123.492
       134.8043        148.2848
              0               0               1        634.6154
  -2.340277e-06    0.0008850294      0.02141624       -17.52426
  -2.522379e-06   -0.0006134452      -0.1176883        137.3229
       634.6154        711.5385
