              0               0               0               0
   1.138764e-05     0.003625793      -0.5886748       -68.44801
  -1.146409e-05     0.002656525       0.8088565       -36.29635
       613.6139        627.2505
              0               0               1               0
  -4.543987e-07    0.0001711761      -0.0103437        -75.7724
  -5.722265e-07     0.000109683     0.004095593       -24.80139
              0        153.8462
              0               0               0        153.8462
   -8.35423e-06     0.004047447      -0.6010334       -67.61548
  -2.245705e-05     0.003031261       0.7988303       -34.86081
       -67.0421       -53.63368
              0               0               1               0
  -4.498221e-07    0.0001795176     -0.01155995       -68.44801
  -6.376338e-07    0.0001427499     0.002461409       -36.29635
              0        153.8462
