              0               0               0       -1826.923
   4.036737e-07   -0.0001238904      -0.9914879       -57.08552
   4.834549e-06    0.0008892514      -0.1304991       -54.19741
       1008.827        1036.822
              0               0               1       -1826.923
   4.562239e-09    1.630944e-05       0.0027439       -84.93015
  -3.009655e-07    3.620999e-05     -0.02560694       -57.04772
      -1826.923       -1538.462
              0               0               0       -1538.462
   2.410284e-07   -0.0001919546      -0.9789043       -53.89475
   3.163439e-06     0.000891334      -0.2044235       -63.50974
       1053.525        1082.761
              0               0               1       -1826.923
   2.940546e-08    1.076003e-05     0.005510665       -57.08552
  -2.379893e-07    3.025561e-05      -0.0212072       -54.19741
      -1826.923       -1538.462
