              0               0               0       -942.3077
  -2.089755e-06    0.0001966433       0.9938241       -6.728077
  -2.432941e-06    -0.001757266       0.1114693        76.77101
       298.2118        318.0925
              0               0               1       -942.3077
   4.288206e-06   -0.0003095696       0.1651403        13.09123
   1.063151e-05   -0.0002363425       -0.125743        78.27344
      -942.3077       -865.3846
              0               0               0       -865.3846
  -3.549319e-06    0.0001056966        0.999068        8.814908
   9.308959e-06    -0.002429622      0.03945693         72.0308
       256.5341        273.6364
              0               0               1       -942.3077
   4.550473e-06   -0.0003191252        0.199681       -6.728077
   1.130665e-05   -0.0002981933      -0.1055881        76.77101
      -942.3077       -865.3846
