              0               0               0               0
   1.307423e-05    -0.000290278      -0.9975855        26.22484
  -4.924846e-06     0.004778342     -0.06521272       -80.74985
       504.5213        518.1579
              0               0               1               0
  -1.108212e-07    6.944439e-05      -0.0101676        12.60037
  -7.716865e-07    0.0002534579    -0.005145397       -80.76305
              0        153.8462
              0               0               0        153.8462
   1.850917e-05   -0.0003797679      -0.9977007        25.67749
   1.055697e-05     0.004739804     -0.06839265       -78.32617
      -174.3095        -160.901
              0               0               1               0
  -6.049902e-08    4.674922e-05    -0.009318059        26.22484
  -7.731581e-07    0.0002574264    -0.005550584       -80.74985
              0        153.8462
