              0               0               0           -5000
   0.0001216748    -0.004928119      -0.9082068        102.7076
   1.325089e-05     0.001910332      -0.3284977        7.909907
       398.7967        413.5473
              0               0               1           -5000
  -1.354752e-09    2.754404e-06      0.01886993        88.62921
   2.066432e-09   -8.258874e-07     -0.00514547        3.522534
          -5000       -4711.538
              0               0               0       -4711.538
   0.0001095253    -0.004739694      -0.9052609         109.466
   1.504947e-05      0.00150925      -0.3302362        6.840437
       431.3664        447.3129
              0               0               1           -5000
  -1.579758e-09    2.797565e-06      0.02275356        102.7076
    1.60747e-09    1.360444e-07    -0.003880498        7.909907
          -5000       -4711.538
