              0               0               0       -2980.769
  -1.569187e-07    6.080206e-07      -0.9860536       -144.3708
  -1.044353e-06    9.585297e-06       0.1663492       -21.29755
       928.3058        951.4895
              0               0               1       -2980.769
   1.432127e-09    2.508393e-06     -0.03130902       -167.2328
  -1.887126e-08    7.445481e-07     -0.01933705       -17.44882
      -2980.769       -2692.308
              0               0               0       -2692.308
   -7.22424e-08   -2.169354e-06      -0.9889462        -151.901
  -4.978865e-07   -1.386796e-05       0.1482674        -27.0182
       976.4407        1000.828
              0               0               1       -2980.769
   1.885402e-09    2.465268e-06     -0.02697295       -144.3708
  -1.727482e-08    1.140689e-06     -0.01872319       -21.29755
      -2980.769       -2692.308
