              0               0               0       -557.6923
  -1.467277e-05    -0.002374763       0.8897877        68.29263
   2.247772e-05    -0.004930355      -0.4557455        135.5916
       242.7151        256.9924
              0               0               1       -557.6923
  -2.972087e-06     0.001251841      -0.1066535        80.46966
   3.067486e-06    -0.001576486       0.1437823        128.1452
      -557.6923       -461.5385
              0               0               0       -461.5385
  -2.727658e-05    -0.001811765       0.8952693        66.80563
  -1.475297e-05     -0.00375517      -0.4452409        137.2921
       242.8653        257.1515
              0               0               1       -557.6923
  -3.414463e-06     0.001414187      -0.1198757        68.29263
   2.823512e-06    -0.001454968       0.1314809        135.5916
      -557.6923       -461.5385
