              0               0               0        307.6923
   1.462257e-05     -0.00485088      -0.2585135        124.3847
   1.021893e-05     0.001314427      -0.9656051        0.532336
      -312.2618       -298.6852
              0               0               1        307.6923
  -6.815507e-07   -2.210545e-05       0.0100703        120.0175
   -1.00062e-06    0.0003657723      0.02371567       -12.30945
       307.6923        461.5385
              0               0               0        461.5385
   3.211424e-05    -0.006082407      0.02929227        119.4469
   2.155269e-05   -0.0002514436      -0.9990703        11.80012
      -356.0711       -340.5898
              0               0               1        307.6923
  -2.370765e-07   -0.0001491658    -0.003535915        124.3847
  -1.424218e-06     0.000464461      0.03549435        0.532336
       307.6923        461.5385
