              0               0               0       -1019.231
  -6.755607e-08   -3.928882e-07      -0.9988461       -140.4899
  -1.422749e-06   -1.045879e-05      0.04803618       -34.17304
       928.2134        950.8284
              0               0               1       -1019.231
  -7.704806e-07    0.0003249327       0.3114335       -163.0797
  -7.055887e-06    0.0008347606       0.2729537        -33.1085
      -1019.231       -942.3077
              0               0               0       -942.3077
   1.299374e-07   -2.109735e-05      -0.9928478       -117.8436
   8.912387e-07   -0.0001712932       0.1193331       -12.69162
       814.4969        834.3392
              0               0               1       -1019.231
  -4.765327e-07    0.0002736648       0.2761698       -140.4899
   -6.81649e-06    0.0008244666       0.2561721       -34.17304
      -1019.231       -942.3077
