              0               0               0       -3269.231
  -0.0009024754     0.007928762        1.018305        162.2473
   6.192062e-05    -0.007509335      -0.4933809        43.60662
       528.2098        550.2186
              0               0               1       -3269.231
   -3.58899e-10   -1.777705e-07      0.03021015        178.8784
  -5.383304e-10    5.937753e-06     0.006714882        29.77064
      -3269.231       -2980.769
              0               0               0       -2980.769
  -0.0007999433     0.007237547        1.020192        169.9931
   3.641768e-05    -0.006774835      -0.4752267        46.42183
       557.3274        580.5494
              0               0               1       -3269.231
  -6.790685e-09    1.598367e-06      0.02695631        162.2473
   8.240437e-09    3.902309e-07     0.008961159        43.60662
      -3269.231       -2980.769
