              0               0               0       -4461.538
  -1.650944e-05    0.0002991329      -0.9693416        99.44932
   -1.78708e-05     0.002260576      -0.2798265        0.888066
       476.5691         493.564
              0               0               1       -4461.538
  -1.205377e-08    6.428764e-06      0.01566906         82.9808
     2.1336e-09   -1.204174e-06    -0.005515895       -3.302368
      -4461.538       -4192.308
              0               0               0       -4192.308
  -1.456707e-05    0.0002998802      -0.9685108        104.9682
  -1.708336e-05     0.002071522      -0.2829245      -0.2848805
       508.0616        526.1821
              0               0               1       -4461.538
  -1.447844e-08    7.826716e-06      0.01944108        99.44932
   1.939802e-09    -1.00511e-06    -0.004226659        0.888066
      -4461.538       -4192.308
