              0               0               0        123.0769
  -2.153179e-05     0.004787158      -0.3861363       -81.10653
  -2.490962e-05     0.002011206       0.9221125       -11.82202
      -40.35022       -26.90015
              0               0               1        123.0769
  -1.312906e-07   -2.346731e-05     0.005856606       -85.48647
  -1.206534e-06    6.177595e-05       0.0116456        0.883689
       123.0769        246.1538
              0               0               0        246.1538
   2.104432e-05     0.003718499      -0.3887635        -80.8744
  -6.885155e-06     0.001577758       0.9218039       -11.61697
      -40.20442       -26.80295
              0               0               1        123.0769
  -1.115065e-07   -2.517666e-05     0.006673861       -81.10653
  -1.289013e-06    5.705894e-05      0.01416929       -11.82202
       123.0769        246.1538
