              0               0               0        3653.846
   5.363113e-07    3.647172e-05        0.964944        185.4155
   2.131234e-06    0.0001330498      -0.2624618        56.51557
       328.8054        349.3558
              0               0               1        3653.846
   8.859857e-09   -5.252363e-06     -0.03787572        205.2655
   8.581611e-09   -7.851029e-06     0.001094752        51.19657
       3653.846        3923.077
              0               0               0        3923.077
   6.608102e-07    3.547893e-05       0.9670518         176.052
   2.692856e-06    0.0001336434      -0.2545859        55.96618
       310.8851        330.3154
              0               0               1        3653.846
   9.775975e-09    -5.96836e-06     -0.03388049        185.4155
   9.797044e-09   -8.811068e-06   -0.0003785084        56.51557
       3653.846        3923.077
