              0               0               0       -123.0769
   1.803086e-05      0.00312339       -0.693331       -58.16001
  -5.808923e-06     0.003032553       0.7214876       -44.94581
       589.4925        602.8928
              0               0               1       -123.0769
   5.450107e-07   -5.983604e-05       -0.013903       -66.84658
   8.690203e-07   -0.0001553366    -0.006632898       -34.74713
      -123.0769               0
              0               0               0               0
   7.020768e-08     0.003633576      -0.6877291       -59.74561
  -1.908488e-05     0.003437779       0.7257482       -46.78395
       599.9773        613.6139
              0               0               1       -123.0769
   5.155633e-07   -4.918426e-05     -0.01463923       -58.16001
   9.509422e-07   -0.0001547548     -0.01029289       -44.94581
      -123.0769               0
