              0               0               0       -942.3077
    1.42215e-06    1.130603e-05      -0.9942112       -275.6772
   1.152142e-05     4.52602e-05       0.1061817        4.151144
       973.2355        993.0779
              0               0               1       -942.3077
   6.891483e-06   -4.937851e-05       0.6455983       -295.3891
    3.25285e-07    -0.001263435       0.3641207        6.365865
      -942.3077       -865.3846
              0               0               0       -865.3846
   3.053638e-06    1.419055e-05      -0.9819295       -226.1311
   1.409879e-05    3.408791e-05        0.188908         23.7405
       837.4784        854.5585
              0               0               1       -942.3077
   6.302307e-06   -2.199043e-05          0.6085       -275.6772
  -1.679492e-06    -0.001186257         0.35585        4.151144
      -942.3077       -865.3846
