              0               0               0        307.6923
   2.443975e-07     0.001618082       0.9062188       -26.89167
  -3.056671e-05    -0.003537876       0.4235917         124.874
        122.168        135.7422
              0               0               1        307.6923
  -1.174736e-07    7.290465e-06   -0.0001100545        -14.2917
  -1.562212e-06    0.0003694637      0.05402149        129.8956
       307.6923        461.5385
              0               0               0        461.5385
   1.099817e-06     0.001630845       0.9033852       -26.62179
  -3.115227e-05    -0.003489449       0.4293307        136.3274
       117.3415        130.3795
              0               0               1        307.6923
  -1.630009e-07    3.268195e-05    0.0005842797       -26.89167
  -1.574612e-06     0.000380609      0.05316064         124.874
       307.6923        461.5385
