              0               0               0       -3846.154
    4.32588e-07   -0.0001045674      -0.9913271        35.53098
  -3.185445e-07    0.0008094204      -0.1317376       -18.16492
       627.2872        646.9317
              0               0               1       -3846.154
   6.152349e-10   -1.276512e-07    0.0006157224        16.01984
  -6.708499e-08    3.967728e-05     -0.01128027       -20.44289
      -3846.154       -3557.692
              0               0               0       -3557.692
   5.319998e-07   -0.0001045788      -0.9918493        36.87254
  -1.413363e-06    0.0008350923      -0.1275823       -19.70036
       665.5923        686.3923
              0               0               1       -3846.154
   1.695665e-09   -8.601454e-07     0.004757772        35.53098
  -5.427607e-08    3.200611e-05     -0.01003907       -18.16492
      -3846.154       -3557.692
