              0               0               0        2403.846
  -3.248619e-06    0.0003497736       0.9844041        402.9678
  -1.597061e-05      0.00213819      -0.1709589         -1.1357
       593.2705        619.0648
              0               0               1        2403.846
   1.562008e-08   -1.340422e-05     -0.06142597        428.5369
  -2.049805e-08   -1.160837e-05      0.04722586       -4.396924
       2403.846        2692.308
              0               0               0        2692.308
  -3.182873e-06    0.0003117475        0.988674        385.6233
  -1.791542e-05     0.002277033       -0.144287        10.20562
       565.6036        590.1951
              0               0               1        2403.846
   1.532661e-08   -1.286369e-05     -0.05769242        402.9678
  -1.918215e-08   -1.098457e-05      0.04408134         -1.1357
       2403.846        2692.308
