              0               0               0        4461.538
   1.962596e-07    0.0001526688      -0.9907834       -11.07109
   5.472654e-06     0.001012858       0.1344314       -9.544719
      -102.9194       -85.76617
              0               0               1        4461.538
   3.031087e-08   -8.561858e-06      0.01207126       -28.02032
    7.92808e-09    1.219493e-06     0.006490237       -6.913149
       4461.538        4730.769
              0               0               0        4730.769
  -5.444644e-07    0.0001739412      -0.9915506       -8.942629
  -8.973335e-07     0.001247322       0.1286565       -7.302648
      -96.20868        -80.1739
              0               0               1        4461.538
   2.264811e-08    -7.17919e-06     0.008196918       -11.07109
   1.062039e-08     7.44956e-07     0.007357307       -9.544719
       4461.538        4730.769
