              0               0               0       -711.5385
   9.044063e-06    0.0009138765      -0.9602864       -24.79115
  -3.205807e-06     0.003259105       0.2791248        -53.9165
       534.9926        548.3908
              0               0               1       -711.5385
   1.616398e-05    -0.001879823       0.1904669       -37.47146
  -4.349123e-06     0.001271327      -0.3694089        -49.5994
      -711.5385       -634.6154
              0               0               0       -634.6154
   2.554984e-05     0.001272213      -0.9512685       -13.82929
   7.786896e-06     0.004331388       0.3083905       -77.54415
       549.3307        563.0627
              0               0               1       -711.5385
   1.606066e-05    -0.001772392       0.1838085       -24.79115
  -1.921638e-06       0.0011297      -0.3826888        -53.9165
      -711.5385       -634.6154
