              0               0               0       -2846.154
   3.380235e-06   -0.0004224537      -0.9600918        110.6443
   8.204422e-07    0.0009115734      -0.2718157       -10.48197
       689.5512        713.2986
              0               0               1       -2846.154
   2.306126e-09    1.530064e-06      0.01455933        87.65165
   1.294143e-09    3.158342e-06    -0.003245056       -16.41183
      -2846.154       -2576.923
              0               0               0       -2576.923
    3.53635e-06   -0.0004371779      -0.9545259        115.6807
  -7.445455e-07    0.0009094555      -0.2905158        -10.3577
       722.1137        746.9818
              0               0               1       -2846.154
   1.602217e-09    1.407724e-06       0.0182113        110.6443
    2.84036e-09    3.834691e-06    -0.000776709       -10.48197
      -2846.154       -2576.923
