              0               0               0        2692.308
  -0.0007145852      0.04574015      0.07658806       -158.6187
  -1.384252e-05    -0.005101973       0.7284386        36.32182
              0        24.59146
              0               0               1        2692.308
  -5.624039e-09    4.365967e-06      0.02506426       -139.7013
  -1.024899e-08     1.31245e-05     -0.01697666        50.94396
       2692.308        2980.769
              0               0               0        2980.769
  -0.0007897877      0.04813264      0.06676817       -150.0227
  -3.769727e-05     -0.00415373       0.7297915        32.58187
              0        23.38177
              0               0               1        2692.308
  -6.787246e-11    6.450347e-07      0.02961904       -158.6187
  -8.243277e-09    1.311942e-05     -0.01606368        36.32182
       2692.308        2980.769
