              0               0               0       -1173.077
  -9.365798e-08    1.575745e-05      -0.9930438       -212.0986
   8.769253e-07   -0.0001341729      -0.1176983       -92.46962
        1204.38        1233.025
              0               0               1       -1173.077
  -1.043647e-05     0.001685258       0.2993663       -240.5338
  -2.453131e-05     0.002851518       0.4371862       -95.93059
      -1173.077       -1096.154
              0               0               0       -1096.154
   4.679223e-08    9.645275e-07      -0.9997258       -186.9669
  -1.328277e-06    -4.99899e-05     -0.02335389       -55.94873
       1064.598        1089.924
              0               0               1       -1173.077
   -9.17694e-06     0.001503014       0.2653978       -212.0986
  -2.275329e-05     0.002646435       0.4058345       -92.46962
      -1173.077       -1096.154
