              0               0               0       -710.2564
  -1.723772e-05     0.004103878      -0.5427538       -109.5324
  -2.530286e-05     0.002630709       0.8390513        7.222923
       642.0943        655.4905
              0               0               1       -710.2564
    3.19504e-06     -0.00226343       0.5362554       -116.1082
  -5.159665e-06      0.00145269     -0.03659352        18.87424
      -710.2564       -597.4359
              0               0               0       -597.4359
  -0.0002937802     0.007295578     -0.01258331       -80.28903
  -2.077788e-06    6.985517e-05       0.9984278        11.01764
       668.1897        683.0136
              0               0               1       -710.2564
   4.371059e-06    -0.002246976       0.4570705       -109.5324
  -5.836875e-06     0.001728228     -0.08705013        7.222923
      -710.2564       -597.4359
