              0               0               0               0
  -1.523653e-05      0.00462195       0.3727153       -81.66339
  -1.236305e-05    -0.001821368       0.9280426        67.25866
       40.90589        54.54119
              0               0               1               0
      -4.15e-07    0.0001553795    -0.008173129       -75.76061
   6.412976e-07   -0.0001380868    0.0001297459        79.54282
              0        123.0769
              0               0               0        123.0769
  -2.721301e-05     0.004658181       0.3827621       -81.10909
  -1.616102e-06    -0.001948737       0.9230262        66.60813
       40.33726        53.78302
              0               0               1               0
  -4.065549e-07     0.000146324    -0.007346936       -81.66339
   5.303762e-07   -0.0001012364   -0.0008598231        67.25866
              0        123.0769
