              0               0               0           -1250
   1.445329e-06   -0.0001699428      -0.9807578       -104.9611
  -6.897967e-06    0.0008847782        -0.19519       -91.10898
       1161.368        1191.897
              0               0               1           -1250
   2.956222e-06    0.0002665306      0.06965377       -135.0195
    4.76417e-06    0.0009718586      0.07767108       -96.43951
          -1250       -1173.077
              0               0               0       -1173.077
   1.722448e-06   -0.0001622932      -0.9876934       -98.35359
  -1.054356e-05     0.001067009      -0.1559207       -78.70702
       1089.799        1118.444
              0               0               1           -1250
   2.558815e-06     0.000175506      0.05725645       -104.9611
   4.529966e-06    0.0008424227      0.06961921       -91.10898
          -1250       -1173.077
