              0               0               0            1250
   2.383258e-05     0.000278567      -0.8098101       -130.2767
  -1.369479e-05     0.001209517       0.6011328         33.3401
      -89.93017       -59.95344
              0               0               1            1250
  -9.013501e-07    0.0006455533      -0.1017814       -153.6598
   1.628055e-06    -0.001094566       0.1232429        52.07807
           1250        1538.462
              0               0               0        1538.462
   2.457396e-05     0.000185134      -0.8627369        -126.379
  -1.383049e-05     0.001278663       0.5222164        19.53584
      -88.12137       -58.74758
              0               0               1            1250
  -8.526271e-07    0.0006049067     -0.09003332       -130.2767
   1.228447e-06   -0.0008215648      0.08691596         33.3401
           1250        1538.462
