              0               0               0       -2307.692
   1.560096e-06   -2.615567e-05      -0.9958137         -316.02
   1.391113e-05    -0.000235018      0.09205942       -21.15864
       1196.786        1222.782
              0               0               1       -2307.692
   3.376759e-08    7.003939e-07     -0.05332386       -341.8982
   1.590455e-08   -3.571448e-05     -0.05065825       -18.67982
      -2307.692       -2038.462
              0               0               0       -2038.462
    9.59173e-07   -1.648228e-05      -0.9985458       -328.4665
   1.279747e-05    -0.000221757      0.05501964       -36.18161
       1248.761        1275.886
              0               0               1       -2307.692
   2.983084e-08    1.357836e-06     -0.04875777         -316.02
   1.529455e-08   -3.317455e-05     -0.04797661       -21.15864
      -2307.692       -2038.462
