              0               0               0       -4711.538
  -1.009641e-08    -2.85898e-05      -0.9774896       -141.7845
   -7.70743e-08    -0.000132621       0.2109818        10.22535
       686.5103        702.4568
              0               0               1       -4711.538
   4.273811e-09     5.39182e-07     -0.04631355       -157.3794
   2.653819e-08   -1.899592e-06    -0.009939915        13.55573
      -4711.538       -4423.077
              0               0               0       -4423.077
  -1.404601e-08   -2.452086e-05      -0.9790163       -153.7918
  -7.640372e-08   -0.0001182777       0.2037788        7.707253
       738.3995        755.5519
              0               0               1       -4711.538
    4.05078e-09    6.369807e-07     -0.04214596       -141.7845
    2.71798e-08   -1.711075e-06     -0.01049745        10.22535
      -4711.538       -4423.077
