              0               0               0        3115.385
  -8.340025e-07    1.253107e-06      -0.9852313        180.4937
   4.347914e-06   -1.224582e-08      -0.1711337       -19.66353
      -341.7386       -318.9561
              0               0               1        3115.385
   1.430728e-08   -4.084478e-06      -0.0234281        158.0384
  -1.301609e-07    1.914171e-05       0.0196771       -23.51099
       3115.385        3384.615
              0               0               0        3384.615
  -1.094635e-06    7.036084e-06      -0.9829762        173.0125
   5.771046e-06   -3.579485e-05       -0.183711       -15.42871
      -324.8918       -303.2323
              0               0               1        3115.385
   1.801204e-08   -4.691727e-06     -0.02782973        180.4937
   -1.43018e-07     2.09275e-05       0.0204617       -19.66353
       3115.385        3384.615
