              0               0               0       -710.2564
  -9.058674e-06    0.0002474241        0.997691        5.888664
  -5.543322e-06     -0.00348104      0.06743766        115.6894
       160.3119        173.6712
              0               0               1       -710.2564
   1.456208e-06     -0.00102891       0.2007861         19.2397
    5.26886e-07    -0.001074281       0.3532665        115.9559
      -710.2564       -597.4359
              0               0               0       -597.4359
  -1.240303e-05    0.0001236072        0.998784        17.82016
   5.979679e-05    -0.005909686      0.02446371        143.4525
       157.0752        170.1648
              0               0               1       -710.2564
    1.85477e-06    -0.001120837       0.2086015        5.888664
   5.381025e-07    -0.001132568       0.3670092        115.6894
      -710.2564       -597.4359
