              0               0               0       -4423.077
  -4.488033e-06   -0.0003303296       0.9638467        67.17648
   9.045104e-06    -0.001410654      -0.2686362        60.84807
       343.7243        360.9105
              0               0               1       -4423.077
  -6.407171e-09    9.944501e-07      0.01520251          83.621
  -1.255808e-08    2.716655e-06      0.00886278        55.86049
      -4423.077       -4134.615
              0               0               0       -4134.615
   -5.88474e-06   -0.0002321146       0.9656721        70.28819
   1.918209e-07    -0.001069565      -0.2620431        63.52229
       367.8735        386.2672
              0               0               1       -4423.077
  -5.809136e-09    7.248649e-07      0.01106156        67.17648
  -1.130555e-08    1.973881e-06     0.009641969        60.84807
      -4423.077       -4134.615
