              0               0               0        634.6154
   3.466488e-05    -0.004521336        0.677472        90.81667
   4.900601e-05    -0.004137111      -0.7341961        111.9236
       249.1162        262.2276
              0               0               1        634.6154
  -5.138548e-06     0.001129565       0.1063519        99.00014
   4.139374e-06   -0.0008529221       -0.129563        101.6965
       634.6154        711.5385
              0               0               0        711.5385
  -5.722812e-06    -0.003037343       0.7593049        101.8562
   1.876381e-05    -0.003646996       -0.650288        97.95029
       256.1282        269.6087
              0               0               1        634.6154
  -5.095043e-06     0.001034252      0.09410417        90.81667
   3.036224e-06   -0.0009126644      -0.1294137        111.9236
       634.6154        711.5385
