              0               0               0       -461.5385
    8.98399e-07     0.004145315       0.5567308       -59.96693
  -2.775438e-05    -0.002703238       0.8309929        106.0163
       100.0034        114.2896
              0               0               1       -461.5385
  -1.527766e-06    0.0003644422      0.05392547       -51.16471
  -6.244679e-07   -5.871562e-05      0.04723871        117.2554
      -461.5385       -307.6923
              0               0               0       -307.6923
  -6.886104e-06     0.002968874       0.7644432       -50.92436
  -2.202324e-05    -0.003414462       0.6449268        112.6534
       96.78295        110.6091
              0               0               1       -461.5385
   -1.11731e-06    0.0002891467      0.04073781       -59.96693
  -1.055741e-06    3.163063e-05      0.06326249        106.0163
      -461.5385       -307.6923
