              0               0               0       -1161.538
   1.355393e-06   -8.031127e-05      -0.9943816        -348.364
  -1.367137e-05    0.0007853498      -0.1045361       -102.6081
       1323.893        1352.034
              0               0               1       -1161.538
  -6.110934e-06     0.001532187       0.4525805       -376.3807
  -9.024037e-06     0.001526726       0.5238397       -105.2326
      -1161.538       -1048.718
              0               0               0       -1048.718
  -4.834416e-07    2.043646e-05      -0.9996983       -290.9412
  -2.089403e-05    0.0009673077      0.01900785       -40.37329
       1113.139        1136.803
              0               0               1       -1161.538
  -5.729739e-06     0.001439284       0.4195248        -348.364
  -8.395725e-06     0.001439102       0.4961312       -102.6081
      -1161.538       -1048.718
