              0               0               0       -461.5385
   9.158699e-06     -0.00439301       -0.464789        111.6273
   1.498551e-05     0.002276228      -0.8855668        -38.5048
       442.9555        457.2556
              0               0               1       -461.5385
   2.452311e-06   -0.0005641954     -0.06711867        104.1092
   1.557973e-06   -0.0002236697     -0.04856794        -50.6592
      -461.5385       -307.6923
              0               0               0       -307.6923
   1.705101e-05    -0.003440118      -0.6818177         99.3971
  -1.185694e-06     0.003292272      -0.7321205       -48.25719
        428.598        442.4221
              0               0               1       -461.5385
   1.996629e-06   -0.0004765614     -0.05343669        111.6273
   2.062955e-06   -0.0003508402     -0.05824246        -38.5048
      -461.5385       -307.6923
