              0               0               0        711.5385
  -4.404284e-05    -0.001962041      -0.1670518        140.5963
   3.122159e-05   -0.0002797115      -0.9805393        28.88997
      -337.3667        -323.872
              0               0               1        711.5385
  -1.200749e-07     0.001854936       0.3822203        137.8764
  -1.395403e-05     0.002551871     -0.01923901        15.68371
       711.5385        788.4615
              0               0               0        788.4615
  -3.845141e-05      0.00038773      -0.6740821        187.4414
   4.508873e-05   -0.0007021122      -0.7352249        33.02055
       -341.811       -328.1386
              0               0               1        711.5385
  -3.307673e-06     0.002397455       0.4441395        140.5963
  -1.485651e-05     0.002442795     -0.04630158        28.88997
       711.5385        788.4615
