              0               0               0       -634.6154
   1.931497e-05    -0.002146407      -0.9009982        66.39297
  -1.375586e-05     0.004520024      -0.4333566       -72.17391
       466.9386        480.6706
              0               0               1       -634.6154
  -1.567911e-05     0.001523148       0.2104159        53.66572
  -1.160545e-05     0.002269198      -0.1270957       -77.30806
      -634.6154       -557.6923
              0               0               0       -557.6923
   1.570084e-05     -0.00325809      -0.7834033        83.28588
   1.469369e-05     0.003981769      -0.6214515       -71.06313
       482.8827         496.877
              0               0               1       -634.6154
  -1.400433e-05     0.001325696       0.2004971        66.39297
  -1.365896e-05     0.002449426     -0.09315501       -72.17391
      -634.6154       -557.6923
