              0               0               0       -597.4359
   1.150974e-05    -0.004860787       0.3413456        118.8666
   2.223933e-05    -0.001846972      -0.9394219        74.18616
       287.9712        301.0608
              0               0               1       -597.4359
   4.202878e-07    0.0001507879     -0.03719386        122.5277
  -3.842589e-06     9.72661e-05       0.1158024        61.62293
      -597.4359       -484.6154
              0               0               0       -484.6154
  -4.749975e-05    -0.003706601       0.3571251        116.9878
   4.022358e-06    -0.001457076      -0.9350985        82.61629
       281.8031        294.6123
              0               0               1       -597.4359
   1.212469e-06   -4.106519e-05     -0.02745315        118.8666
  -3.338824e-06    2.601191e-05        0.114285        74.18616
      -597.4359       -484.6154
