              0               0               0       -1538.462
  -3.536303e-08    3.270231e-06       -0.998712       -286.9429
   9.060924e-07   -6.786789e-05     -0.05078035        -80.0002
       1287.413        1316.649
              0               0               1       -1538.462
   1.137791e-06   -0.0001553234     -0.04895262       -316.1393
   2.639841e-06   -0.0005801447      -0.2045839       -81.52018
      -1538.462           -1250
              0               0               0           -1250
  -8.383614e-08    6.458456e-06      -0.9863383       -285.7666
   3.969707e-07    -3.14655e-05      -0.1645588        -120.403
        1344.54        1375.068
              0               0               1       -1538.462
   1.004916e-06   -0.0001332036     -0.04111701       -286.9429
   2.447509e-06   -0.0005360661       -0.189086        -80.0002
      -1538.462           -1250
