              0               0               0       -2115.385
   2.745373e-06   -0.0004391948       -0.937684        125.1918
   4.934856e-07     0.000792118      -0.3410692       -7.737635
       778.2953        805.0957
              0               0               1       -2115.385
  -3.382666e-08    1.134658e-05      0.01987385        99.79892
  -2.807848e-08    1.575108e-05      0.00596587       -16.29996
      -2115.385       -1826.923
              0               0               0       -1826.923
   2.236054e-06   -0.0004401397      -0.9196009        131.7038
   8.754142e-07    0.0007135732      -0.3874755       -3.673532
       812.8646        840.8593
              0               0               1       -2115.385
  -3.754184e-08    1.056354e-05      0.02265169        125.1918
  -4.246603e-08    2.134624e-05      0.01146492       -7.737635
      -2115.385       -1826.923
