              0               0               0        1387.179
  -4.045232e-07   -3.866101e-07      -0.9940247        473.2894
  -6.473646e-06    0.0001831791       0.1052632       -120.6473
      -718.2128       -688.2873
              0               0               1        1387.179
  -3.257814e-06    0.0008605637     -0.05749743        443.5314
   5.224524e-06    -0.001658379       0.3032519       -117.5067
       1387.179            1500
              0               0               0            1500
  -9.120798e-08   -1.094703e-05      -0.9976753        472.7539
   -6.14614e-06    0.0001582165      0.06119289       -98.68432
      -707.7778        -678.287
              0               0               1        1387.179
  -3.510759e-06    0.0009307721     -0.06506939        473.2894
   5.492068e-06    -0.001747221        0.321889       -120.6473
       1387.179            1500
