              0               0               0        2576.923
  -3.439386e-06     0.000226232       0.9750967        343.4676
  -1.766244e-05     0.001047597      -0.2206034        16.04255
       526.5262        551.5989
              0               0               1        2576.923
   4.882394e-09    -4.18637e-06     -0.05644769        368.0038
   2.552741e-09   -2.089248e-05      0.03443928         10.8916
       2576.923        2846.154
              0               0               0        2846.154
   -3.59461e-06    0.0002207714       0.9795396         329.064
  -2.094082e-05     0.001140112      -0.1998697        23.11918
       502.8865        526.8335
              0               0               1        2576.923
   4.764523e-09   -3.712034e-06     -0.05284499        343.4676
   2.407138e-09   -1.942004e-05      0.03133861        16.04255
       2576.923        2846.154
