              0               0               0        1538.462
   3.858626e-07    0.0001466662      -0.9662536        63.43125
   5.556003e-07    0.0005444644       0.2577411       -57.87853
      -293.7379       -264.3641
              0               0               1        1538.462
   5.035545e-08    -4.78361e-05      0.02683646        35.18504
   2.675035e-07    -0.000185061      0.04714864       -49.82385
       1538.462        1826.923
              0               0               0        1826.923
   4.247061e-07    0.0001041767      -0.9835325        67.75235
   1.017057e-06     0.000555432       0.1810042       -50.76019
      -281.5346       -253.3811
              0               0               1        1538.462
   1.394832e-08   -2.479543e-05      0.02097171        63.43125
   3.609557e-07   -0.0002544691      0.06804632       -57.87853
       1538.462        1826.923
