              0               0               0       -1019.231
  -6.463202e-06    7.422206e-05       0.9583007       -277.4355
     2.2601e-05   -0.0003587334       0.2875362       -11.00277
       67.96485         90.6198
              0               0               1       -1019.231
  -3.483095e-06     0.000640225       0.4788346       -255.7623
  -5.675479e-06    0.0002903956       0.2882174       -4.409977
      -1019.231       -942.3077
              0               0               0       -942.3077
  -4.694041e-06    4.079175e-06       0.9817773       -236.2091
   2.491118e-05   -0.0001728797       0.1922772        12.94559
       59.64235        79.52314
              0               0               1       -1019.231
  -3.464986e-06    0.0006580186       0.5058283       -277.4355
  -6.468895e-06    0.0004101462       0.3180564       -11.00277
      -1019.231       -942.3077
