              0               0               0        153.8462
  -6.244583e-06     0.001239863       0.9524526       -14.21778
  -3.077682e-05    -0.003905877       0.3057157        128.1932
       134.0376        147.4413
              0               0               1        153.8462
  -9.677833e-08    2.175388e-05   -0.0004033525       -1.243617
   5.979954e-07    9.715336e-05     -0.01781215        131.5151
       153.8462        307.6923
              0               0               0        307.6923
  -2.031654e-05     0.001628035       0.9502824        -14.2917
    8.21222e-06    -0.004782634       0.3106473        129.8956
       135.7422        149.3164
              0               0               1        153.8462
     3.1737e-08   -7.357382e-06   -9.975949e-05       -14.21778
    5.86643e-07    9.870539e-05     -0.01800452        128.1932
       153.8462        307.6923
