              0               0               0       -484.6154
   -0.000110194     0.006940806       0.1055569       -76.01249
    4.13096e-06   -0.0007981956       0.9928015        59.27254
       12.80923        25.61846
              0               0               1       -484.6154
   2.743953e-06   -0.0005154416     -0.05171152       -73.75316
   2.240644e-06   -0.0007479907     -0.01627979        71.86728
      -484.6154       -369.2308
              0               0               0       -369.2308
  -3.470344e-05     0.005757653      0.09552117       -84.62024
  -1.559714e-05   -0.0004712958       0.9945551        50.17141
       13.49877        26.99754
              0               0               1       -484.6154
   2.402165e-06   -0.0004557618     -0.05399405       -76.01249
   2.637471e-06   -0.0008190492     -0.01948508        59.27254
      -484.6154       -369.2308
