              0               0               0           -1250
  -1.186549e-07    1.732556e-05      -0.9870644       -255.6456
   8.721117e-07   -0.0001113385      -0.1601992       -115.4334
       1314.011         1344.54
              0               0               1           -1250
   4.901418e-06     0.000736435       0.1328921       -285.7666
   6.329079e-06     0.001581971       0.1126172        -120.403
          -1250       -1173.077
              0               0               0       -1173.077
  -6.186386e-08    7.708911e-06      -0.9923716       -240.5338
   4.295359e-07   -5.881399e-05      -0.1232264       -95.93059
       1233.025         1261.67
              0               0               1           -1250
   4.516185e-06    0.0006430615       0.1202648       -255.6456
   6.032929e-06     0.001459303       0.1055846       -115.4334
          -1250       -1173.077
