              0               0               0        484.6154
  -4.042968e-05     0.004740813       0.4843572       -73.11392
   1.100351e-05    -0.002713245       0.8745697        93.71002
       52.23071        65.28839
              0               0               1        484.6154
  -2.473633e-06    2.911409e-05      0.06107747       -66.07103
  -3.565668e-06   -0.0002818215       0.1129112        104.6918
       484.6154        597.4359
              0               0               0        597.4359
   1.856839e-05     0.003609644       0.5121145       -70.46714
  -3.171335e-05    -0.002145751       0.8596096        96.97493
       57.13354        71.41692
              0               0               1        484.6154
  -1.718217e-06   -5.979561e-05      0.05207658       -73.11392
  -2.871699e-06    -0.000425332       0.1134775        93.71002
       484.6154        597.4359
