              0               0               0        3653.846
   2.556778e-07    7.646745e-05      -0.9946505        22.61517
   8.306181e-08    0.0007160216       0.1031475       -22.29432
       -164.722       -144.1318
              0               0               1        3653.846
  -3.442146e-10   -7.508789e-07      0.00483222        2.169718
  -7.381767e-09    1.277668e-05     0.006775154        -19.8662
       3653.846        3923.077
              0               0               0        3923.077
   4.995732e-07    7.316982e-05      -0.9956857        22.74695
   1.178166e-06    0.0007743026      0.09278274        -19.3666
      -155.6215       -136.1688
              0               0               1        3653.846
   2.339213e-10   -1.175798e-06     0.000789078        22.61517
  -1.071061e-08     1.68334e-05     0.007118668       -22.29432
       3653.846        3923.077
