              0               0               0        1826.923
   2.812848e-07    8.672945e-05       0.9138675        275.7371
   7.086633e-07    0.0001951889      -0.4060004        17.61445
       479.3021        507.4964
              0               0               1        1826.923
   1.689993e-07    -0.000121375     -0.01792178        301.5781
  -2.214988e-07    0.0001168077      0.03749844        6.338618
       1826.923        2115.385
              0               0               0        2115.385
   3.476973e-07    7.782387e-05       0.9340245        265.0732
   1.029243e-06    0.0002029766       -0.357201        31.03824
       459.1779        486.1884
              0               0               1        1826.923
   1.631727e-07    -0.000115553     -0.01721322        275.7371
  -1.985167e-07    0.0001041023      0.03302488        17.61445
       1826.923        2115.385
