              0               0               0        2038.462
   0.0001080302     -0.00678975        1.063495        -154.784
    6.72987e-05    -0.005045325       0.3726364        67.17368
       27.32612        54.65223
              0               0               1        2038.462
  -6.012387e-09    9.319819e-06      0.01433714       -128.5885
   6.902365e-09    9.296523e-06     -0.03094219        74.96218
       2038.462        2307.692
              0               0               0        2307.692
   0.0001133586    -0.006795073        1.047035       -148.9751
   7.881499e-05    -0.005583037        0.413441        59.02351
       26.19802        52.39603
              0               0               1        2038.462
  -8.527749e-09     1.00489e-05       0.0194887        -154.784
   5.423333e-09    1.312348e-05     -0.03419841        67.17368
       2038.462        2307.692
