              0               0               0        4134.615
   3.012199e-06   -0.0002236905       0.9748186        114.7096
   1.339764e-05   -0.0009580861      -0.2229554        68.86669
        241.168        259.7194
              0               0               1        4134.615
   -4.58131e-09    3.632589e-06     -0.02711224        132.7361
  -1.227891e-08    7.669446e-06    -0.006855483        64.48637
       4134.615        4423.077
              0               0               0        4423.077
    2.61605e-06   -0.0002078421       0.9763252        108.2216
   1.163233e-05   -0.0008967292      -0.2165305        66.81718
       225.4906         242.836
              0               0               1        4134.615
  -4.730323e-09    3.762104e-06     -0.02318318        114.7096
  -1.212367e-08    7.545832e-06    -0.008272863        68.86669
       4134.615        4423.077
