              0               0               0        4134.615
   0.0002264116    -0.009493592        1.008326       -101.3387
   0.0001779192    -0.008763503       0.5140419        38.07821
       18.55139        37.10277
              0               0               1        4134.615
  -5.187882e-09    4.197373e-06      0.02217871       -84.45456
   1.374816e-08    -8.75031e-06    -0.005185214        45.73434
       4134.615        4423.077
              0               0               0        4423.077
   0.0002678054     -0.01040221        1.004567       -93.52469
   0.0001840952    -0.008820113         0.52227        36.47442
       17.34543        34.69086
              0               0               1        4134.615
  -4.326754e-09    3.264384e-06      0.02650686       -101.3387
   1.223246e-08   -6.611454e-06     -0.00467053        38.07821
       4134.615        4423.077
