              0               0               0        2403.846
  -5.563091e-07    -0.000294835       0.9819416        106.4696
   3.608428e-06    -0.001509489      -0.1891478        86.58357
        283.738        309.5324
              0               0               1        2403.846
   1.272797e-08    -4.74772e-06     -0.02300575        131.5924
  -6.472048e-09   -3.243691e-06     0.002968367        80.76222
       2403.846        2692.308
              0               0               0        2692.308
  -9.022509e-07   -0.0002625346        0.986872        100.7701
    3.78522e-06    -0.001607965      -0.1613504        86.07717
       270.5061        295.0975
              0               0               1        2403.846
   1.281964e-08   -4.247075e-06     -0.01959958        106.4696
   -3.62035e-09   -3.304873e-06   -0.0005009463        86.58357
       2403.846        2692.308
