              0               0               0               0
   -2.84073e-05     -0.00276694       0.6848953        98.56671
  -1.283927e-05      -0.0025108      -0.7290016        101.5261
       259.0707         272.706
              0               0               1               0
    6.12837e-07   -0.0001589861    -0.002920348         107.319
   4.028386e-07   -0.0001554656     0.001375703        91.08662
              0        123.0769
              0               0               0        123.0769
  -2.420924e-05    -0.002802441       0.6931454        96.93945
  -4.855963e-06    -0.002706682      -0.7210421        99.84809
       255.4693        268.9151
              0               0               1               0
   6.059697e-07   -0.0001518351     -0.00371321        98.56671
   5.118355e-07    -0.000185124      0.00139712        101.5261
              0        123.0769
