              0               0               0       -1387.179
   2.204476e-07   -0.0002533479      -0.9077964         85.6399
   4.460011e-07    0.0005262337      -0.4190507       -19.62196
       926.6188        956.1384
              0               0               1       -1387.179
  -4.294466e-06    0.0007126522      0.03988594        58.62699
  -1.271907e-06    0.0002815404      0.01166884       -31.52215
      -1387.179       -1274.359
              0               0               0       -1274.359
   8.681055e-08   -0.0002741316      -0.8804983        93.13802
   5.790675e-07    0.0004932516      -0.4738027        -14.4732
       946.7217         977.221
              0               0               1       -1387.179
  -4.701422e-06    0.0007608605      0.04046184         85.6399
  -2.484025e-06    0.0004215378      0.02969651       -19.62196
      -1387.179       -1274.359
