              0               0               0        3384.615
  -1.884626e-06    4.173651e-05       0.9996931        45.78034
  -2.767022e-06    -0.001593233      0.02478732        83.96453
       195.3076        217.0084
              0               0               1        3384.615
  -2.215467e-08    1.046849e-05     -0.01064025        67.47491
   5.562366e-09   -3.323326e-06    -0.009287951        83.72387
       3384.615        3653.846
              0               0               0        3653.846
  -1.960387e-06    7.430626e-05       0.9990163        44.39219
  -3.805882e-06    -0.001627091      0.04375252        80.91197
       184.9531        205.5034
              0               0               1        3384.615
  -2.335691e-08    1.100288e-05    -0.006425239        45.78034
    1.60579e-08    -6.87472e-06     -0.01065116        83.96453
       3384.615        3653.846
