              0               0               0       -484.6154
   2.866762e-05    -0.004926197      -0.2715067        119.7907
    5.20361e-06     0.001394493       -0.961741       -17.62434
       383.2997         399.067
              0               0               1       -484.6154
   9.862709e-07   -0.0003489967    -0.001803817        114.3975
   3.808115e-06   -0.0007488054    -0.004748407       -32.42126
      -484.6154       -369.2308
              0               0               0       -369.2308
    3.02258e-06    -0.004270206      -0.3964262        117.8299
   1.655449e-05      0.00181858      -0.9178408       -23.99047
       396.5097        411.2699
              0               0               1       -484.6154
   3.636895e-07   -0.0002113056     0.002546107        119.7907
   4.331362e-06   -0.0009096298    -0.007881854       -17.62434
      -484.6154       -369.2308
