              0               0               0        1161.538
   2.999411e-08     7.62503e-05       0.8757709        227.1924
   7.331357e-08     0.000138697      -0.4826909        14.93922
        422.834        449.2611
              0               0               1        1161.538
  -9.293909e-06    0.0004079775       0.4235522        250.3903
   1.324443e-05    -0.001095087      -0.3583622        2.281311
       1161.538        1274.359
              0               0               0        1274.359
   6.048226e-07    5.629082e-05       0.8205327        264.9444
   9.197038e-07     8.01223e-05       -0.571607       -15.74754
       487.6517        518.1299
              0               0               1        1161.538
   -9.08627e-06    0.0004279387       0.4019946        227.1924
    1.15246e-05   -0.0009418689      -0.3124247        14.93922
       1161.538        1274.359
