              0               0               0               0
   7.916778e-06    -0.004202529      -0.3738561        120.4601
    9.82926e-06     0.001721906      -0.9274087       -12.52641
       381.7922        395.4287
              0               0               1               0
    2.84928e-07   -0.0001248863    0.0001174391        114.6005
   -6.64027e-07    0.0001573682    -0.001090659       -24.82797
              0        123.0769
              0               0               0        123.0769
   4.301148e-05    -0.004776996       -0.393266        119.3034
  -7.940904e-06     0.002085395       -0.918714       -11.81755
      -295.9016       -282.4516
              0               0               1               0
   2.147183e-07   -0.0001044402    0.0002038611        120.4601
  -5.453266e-07    0.0001214998   -0.0009337332       -12.52641
              0        123.0769
