              0               0               0        3923.077
  -1.557308e-06    3.029382e-05       -0.963817        348.1206
   4.358047e-06   -8.477573e-05      -0.2653555        28.52503
      -486.3172       -466.8645
              0               0               1        3923.077
  -4.061558e-09    6.033178e-07      -0.0673779        329.3718
  -2.066889e-08    1.103885e-06      0.01385841        23.36315
       3923.077        4192.308
              0               0               0        4192.308
  -1.632474e-06    2.985479e-05      -0.9772567        329.0682
    6.12877e-06   -0.0001120833      -0.2105198        30.62092
      -457.2016       -438.9135
              0               0               1        3923.077
  -9.338751e-09    1.488333e-06     -0.07048996        348.1206
   1.538466e-09   -3.025922e-06     0.008487889        28.52503
       3923.077        4192.308
