              0               0               0        2307.692
   -3.76988e-06     0.000374079       0.9825732         408.591
  -1.436546e-05     0.002074323      -0.1821238       -5.914251
       602.5544        628.7524
              0               0               1        2307.692
  -6.020333e-09   -7.607747e-08     -0.06264196        434.5214
   2.088865e-08   -4.057866e-05      0.05752444       -9.520152
       2307.692        2576.923
              0               0               0        2576.923
  -3.690908e-06    0.0003282265       0.9873701        392.6291
  -1.562681e-05     0.002168543      -0.1540538        6.179108
       576.6715        601.7442
              0               0               1        2307.692
  -5.860134e-09    5.978789e-08     -0.05887835         408.591
   1.945494e-08   -3.845935e-05      0.05386243       -5.914251
       2307.692        2576.923
