              0               0               0        4461.538
   2.071563e-06    0.0001040813       0.9838497        224.5805
   2.101748e-05    0.0004909476       -0.179748         39.6706
       343.7453        360.9326
              0               0               1        4461.538
  -1.008547e-07    1.734941e-05     -0.05158178        241.5314
   1.811355e-09   -2.102607e-06     0.003228456        36.83296
       4461.538        4730.769
              0               0               0        4730.769
   2.528592e-06     0.000103549       0.9849809        211.0791
   2.603012e-05    0.0004970189      -0.1734844        40.13501
       321.1661        337.2244
              0               0               1        4461.538
   -9.34802e-08    1.615365e-05     -0.04772109        224.5805
   2.683866e-12   -1.660009e-06     0.002171684         39.6706
       4461.538        4730.769
