              0               0               0       -3653.846
  -3.795986e-06   -1.001673e-05       0.9996305       -305.3304
    2.24932e-05     0.001263537      0.01810141        26.52481
        20.3878        40.77559
              0               0               1       -3653.846
  -2.465443e-09    1.395422e-06      -0.0623793       -284.9865
  -5.444865e-09   -3.921728e-06    -0.008383536        27.60968
      -3653.846       -3384.615
              0               0               0       -3384.615
  -3.944721e-06   -5.419154e-06       0.9995213       -323.2074
   2.466067e-05      0.00103734      0.02505984        23.69537
       21.53173        43.06347
              0               0               1       -3653.846
  -1.252555e-09    8.954821e-07     -0.06655059       -305.3304
  -9.833099e-09   -2.460678e-06    -0.009134119        26.52481
      -3653.846       -3384.615
