              0               0               0        597.4359
  -9.447775e-06    -0.001371264       0.9715832        40.01072
   4.426234e-05    -0.005977634      -0.2325687        144.5182
        185.684        199.9674
              0               0               1        597.4359
   1.612223e-05    -0.002736824    -0.003016008        53.58093
  -6.936076e-06      0.00030862     -0.06447503        140.1058
       597.4359        710.2564
              0               0               0        710.2564
   -1.08471e-05   -0.0002283457       0.9981127        28.16268
  -1.864394e-05    -0.003505927     -0.06185987        128.3174
       175.3448        188.8328
              0               0               1        597.4359
   1.577972e-05    -0.002653375    -0.006513265        40.01072
  -4.480098e-06   -0.0001809123      -0.0661621        144.5182
       597.4359        710.2564
