              0               0               0        2576.923
  -7.059134e-07    1.767054e-05      -0.9898532        442.5433
   3.371713e-06   -8.440125e-05       -0.139155        1.870657
       -625.804       -600.7718
              0               0               1        2576.923
   4.646055e-09   -4.999781e-06     -0.06354575        417.7652
  -3.961219e-10   -2.320663e-05      0.04110749       -1.612693
       2576.923        2846.154
              0               0               0        2846.154
  -1.219227e-06    2.914585e-05      -0.9863731        423.9644
   4.650922e-06   -0.0001111812      -0.1604118        11.59952
      -597.6297       -573.7246
              0               0               1        2576.923
   4.709807e-09   -5.014663e-06     -0.06799879        442.5433
   2.477473e-09   -2.505924e-05       0.0427029        1.870657
       2576.923        2846.154
