              0               0               0       -246.1538
   3.449065e-06    -0.002706218      -0.7737952        88.06269
   1.848144e-05     0.003297544       -0.633079       -54.79565
       431.3819        444.8654
              0               0               1       -246.1538
  -2.263917e-07    0.0001174336     -0.01281887        77.14567
   6.761694e-07   -0.0003619383      0.04029207       -62.68696
      -246.1538       -123.0769
              0               0               0       -123.0769
  -3.002405e-06    -0.002661985      -0.7743742         87.7868
   3.284515e-05      0.00318821      -0.6335318       -54.11197
       428.6895        442.0898
              0               0               1       -246.1538
  -3.101035e-07    0.0001563169     -0.01678318        88.06269
   5.354742e-07   -0.0003112945      0.03575672       -54.79565
      -246.1538       -123.0769
