              0               0               0        461.5385
  -1.896882e-05    -0.001553606       0.9551101           49.56
   1.566496e-05    -0.005361671      -0.2940508         142.288
       195.5692        208.6072
              0               0               1        461.5385
   1.160829e-06   -8.782825e-05     -0.03893631        61.70654
   -7.57648e-08   -0.0004083202      0.06373776        137.5775
       461.5385        557.6923
              0               0               0        557.6923
  -1.324286e-06    -0.001854129       0.9538911        46.36189
   4.571796e-05    -0.005840536      -0.2986083        144.5081
       190.6337        203.3426
              0               0               1        461.5385
   8.365197e-07   -7.668126e-05     -0.03362125           49.56
  -1.287535e-07    -0.000394445      0.06220671         142.288
       461.5385        557.6923
