              0               0               0       -2403.846
   9.753871e-07    2.075004e-05      -0.9998157       -82.32901
   -3.08869e-06     0.001346548      0.01637691       -41.29192
        948.039        973.6344
              0               0               1       -2403.846
   6.236282e-09    4.371449e-06        -0.01363       -107.8898
  -2.924937e-08   -3.814817e-06     -0.02388486       -40.04238
      -2403.846       -2115.385
              0               0               0       -2115.385
   1.035603e-06   -2.942174e-05      -0.9997059        -84.5144
   -3.88936e-06     0.001345337     -0.01988958       -48.31012
        992.698        1019.498
              0               0               1       -2403.846
   8.137652e-09    3.864639e-06    -0.009367952       -82.32901
  -2.353226e-08   -3.348347e-06      -0.0214058       -41.29192
      -2403.846       -2115.385
