              0               0               0       -865.3846
   6.142604e-07    0.0001947762      -0.9956783       -24.55943
  -1.131773e-05     0.002065326      0.08987186       -13.09089
       632.5176        649.5977
              0               0               1       -865.3846
  -3.745053e-06    0.0007076057       0.2651724        -41.5058
   7.208374e-06    -0.002848846     -0.05067754       -11.00975
      -865.3846       -788.4615
              0               0               0       -788.4615
   3.420568e-06    0.0002045513      -0.9966028       -4.261542
  -6.085127e-06     0.002589343      0.07935811       -30.15557
       534.4943        548.9606
              0               0               1       -865.3846
  -2.987368e-06    0.0006991118       0.2277714       -24.55943
   6.874367e-06    -0.002714185     -0.05373409       -13.09089
      -865.3846       -788.4615
