              0               0               0       -4192.308
  -3.989796e-06    9.137684e-06        0.992003         -233.33
    3.27772e-05   -0.0003188664       0.1294746        33.54695
       54.44402        72.59203
              0               0               1       -4192.308
  -8.072955e-09    4.640419e-06     -0.05500158        -215.348
  -5.135935e-10   -1.139714e-06    -0.004002564        35.98755
      -4192.308       -3923.077
              0               0               0       -3923.077
  -3.762604e-06    1.393789e-05       0.9907771       -249.0481
   2.967447e-05   -0.0003572084       0.1389148        32.06066
       57.81107        77.08143
              0               0               1       -4192.308
  -8.539757e-09    5.085443e-06     -0.05913181         -233.33
   5.388816e-10   -1.959788e-06    -0.005031933        33.54695
      -4192.308       -3923.077
