              0               0               0        711.5385
  -3.382767e-05    -0.001669308       0.8227526        91.15136
  -3.124961e-05    -0.002383221      -0.5689981        106.1303
       242.6478        256.1282
              0               0               1        711.5385
   1.279806e-05   -0.0001415271       0.1627753        101.8562
  -4.915092e-06   -0.0002119974      -0.2159261        97.95029
       711.5385        788.4615
              0               0               0        788.4615
  -1.087053e-06   -0.0007620009        0.923086        106.9319
   1.979967e-06     -0.00179373      -0.3846323         83.4178
        245.259        258.8845
              0               0               1        711.5385
   1.238657e-05   -0.0001662206       0.1446398        91.15136
  -3.135722e-06   -0.0004655338      -0.2408972        106.1303
       711.5385        788.4615
