              0               0               0        3269.231
  -3.593736e-06    0.0002103909       0.9837521        306.2064
   -2.43496e-05     0.001234217      -0.1779241        29.84279
       465.6966        487.8727
              0               0               1        3269.231
  -3.218189e-10    1.994358e-07     -0.05817833        328.0863
   9.146853e-09   -1.158607e-05      0.01286674        26.23855
       3269.231        3557.692
              0               0               0        3557.692
  -3.797652e-06    0.0002180994       0.9852968        290.5974
  -2.723458e-05     0.001350651      -0.1691699        32.40924
       440.2223        461.1853
              0               0               1        3269.231
  -3.901882e-10    4.395996e-07     -0.05420537        306.2064
   9.010841e-09   -1.069169e-05      0.01123136        29.84279
       3269.231        3557.692
