              0               0               0           -1250
  -5.778553e-06    0.0001049631       0.8818223       -382.5766
   1.114349e-05   -0.0002445752       0.4725882       -112.8092
       91.73956        122.3194
              0               0               1           -1250
   6.169093e-06     0.001064194       0.1668596       -355.6777
    6.21467e-06     0.001752945       0.1158818       -98.26756
          -1250       -1173.077
              0               0               0       -1173.077
  -6.067582e-06    0.0001021699       0.8992445       -359.4833
   1.302707e-05   -0.0002744722       0.4386196       -88.82108
       86.08952         114.786
              0               0               1           -1250
   6.402867e-06     0.001113664       0.1766597       -382.5766
   6.747134e-06     0.001895977       0.1260771       -112.8092
          -1250       -1173.077
