              0               0               0       -1274.359
  -5.608024e-06    9.466699e-05       0.8853409       -383.2873
   1.095092e-05   -0.0002257589         0.46594       -109.6293
       91.64712        122.1962
              0               0               1       -1274.359
  -1.101573e-06     0.001778437      0.06583856       -356.3125
  -4.813595e-06     0.002950546     -0.03926323       -95.29379
      -1274.359       -1161.538
              0               0               0       -1161.538
  -5.627255e-06    6.415495e-05       0.9056246       -353.2853
    1.23503e-05   -0.0001930398       0.4252109       -81.19056
       84.57386        112.7651
              0               0               1       -1274.359
  -1.046833e-06     0.001834504      0.07228146       -383.2873
  -5.214713e-06     0.003183696     -0.04073999       -109.6293
      -1274.359       -1161.538
