              0               0               0       -2846.154
   1.685685e-06   -0.0002122214       0.9800186       -288.2855
  -1.060906e-05     0.001105802       0.1976353        23.91874
       95.12985        118.9123
              0               0               1       -2846.154
   4.656171e-09   -4.016787e-07     -0.05018049       -265.0756
  -3.166345e-09   -1.478924e-05      -0.0179104        29.10174
      -2846.154       -2576.923
              0               0               0       -2576.923
   1.842972e-06   -0.0002285276       0.9758534       -302.7149
   -1.02251e-05     0.001078767       0.2171659        17.22607
       99.62256        124.5282
              0               0               1       -2846.154
   4.573172e-09    4.115665e-08     -0.05393768       -288.2855
  -2.970707e-09   -1.624562e-05     -0.02026933        23.91874
      -2846.154       -2576.923
