              0               0               0        1019.231
   -4.52413e-07    2.592064e-05      -0.9979078         273.532
   5.108152e-06   -0.0003036006      -0.0655797       -15.32384
      -445.4721       -424.2592
              0               0               1        1019.231
  -1.219872e-06    9.950535e-05       0.4360689        252.3707
  -3.578375e-06    0.0001423207      -0.3386431       -16.80284
       1019.231        1096.154
              0               0               0        1096.154
  -5.714568e-08     3.18613e-06       -1.000041        309.9103
   3.762664e-06   -0.0002570755     0.005041599        -43.6639
      -503.2096       -479.2473
              0               0               1        1019.231
  -1.239462e-06      0.00010299       0.4723307         273.532
  -3.137028e-06    2.638294e-05      -0.3518879       -15.32384
       1019.231        1096.154
