              0               0               0       -865.3846
  -0.0002305407     0.007769174      -0.9645086        159.0912
  -0.0002143122       0.0123076      -0.5856551        15.52025
       444.6369        461.7169
              0               0               1       -865.3846
   1.227539e-06    0.0001048246      -0.1377767        143.7351
   8.679938e-07     0.000167515     -0.08691426        8.039841
      -865.3846       -788.4615
              0               0               0       -788.4615
  -0.0002477405     0.005697115      -0.8207542        145.7469
  -0.0001744948     0.009797726      -0.7141246        11.54902
       375.3651        389.8314
              0               0               1       -865.3846
   1.344165e-06    -8.89831e-05      -0.1745845        159.0912
  -4.671725e-08    0.0005511171     -0.09374319        15.52025
      -865.3846       -788.4615
