              0               0               0       -788.4615
    0.001584305     -0.06305997     0.009073609        154.0161
   0.0002370812   -0.0004913311      -0.8487537        23.21242
       360.8988        375.3651
              0               0               1       -788.4615
   3.818898e-07    0.0002212089      -0.1644133        145.7469
  -4.456906e-06    0.0005403362    -0.009785251        11.54902
      -788.4615       -711.5385
              0               0               0       -711.5385
   0.0007827766     -0.03202329     0.001780189        138.4245
   7.537676e-05    0.0001104412      -0.9678744        24.73159
       334.0196        347.4178
              0               0               1       -788.4615
   1.459803e-06    9.304334e-05      -0.2184856        154.0161
  -5.196228e-06    0.0006760986    -0.001511495        23.21242
      -788.4615       -711.5385
