              0               0               0        153.8462
  -1.110724e-05   -0.0004102847       0.9972081        25.45712
   2.888463e-05    -0.005229887     -0.07337121        133.0139
       174.2488        187.6526
              0               0               1        153.8462
  -4.519131e-07    0.0001033281    -0.001244141          38.723
   6.315501e-07    0.0001057161     -0.01889414        131.1604
       153.8462        307.6923
              0               0               0        307.6923
  -7.442509e-06   -0.0004215111        0.997263        25.89088
   1.497348e-05    -0.004645054     -0.07064612        134.8329
       176.4649        190.0391
              0               0               1        153.8462
  -3.341324e-07    7.559988e-05   -0.0009029032        25.45712
    6.27603e-07    0.0001020628     -0.01873322        133.0139
       153.8462        307.6923
