              0               0               0       -2403.846
   8.122264e-07   -5.071644e-05      -0.9914398       -362.1609
   5.886194e-06   -0.0004020261       0.1302945       -10.84488
       1229.589        1255.184
              0               0               1       -2403.846
  -1.723071e-08     8.45675e-06     -0.06205564       -387.5568
   -8.37892e-08   -1.636923e-05     -0.04690823       -7.674614
      -2403.846       -2115.385
              0               0               0       -2115.385
   5.952806e-07   -3.447756e-05      -0.9954853       -378.4747
   4.952217e-06   -0.0003649297      0.09481413       -26.95337
       1287.502        1314.302
              0               0               1       -2403.846
  -1.503546e-08      8.0978e-06     -0.05763945       -362.1609
  -7.868801e-08   -1.529371e-05     -0.04488348       -10.84488
      -2403.846       -2115.385
