              0               0               0       -3846.154
   -6.36135e-07   -0.0001868232       0.9932521        15.42702
   3.892462e-06    -0.001530061        -0.11613        76.92108
       333.0478        352.6389
              0               0               1       -3846.154
  -6.258863e-09    3.663114e-06     0.001712225        34.80938
  -6.972717e-09    7.949047e-06     0.009487361        74.08799
      -3846.154       -3557.692
              0               0               0       -3557.692
  -8.964651e-07    -0.000152378       0.9945304        14.84594
    1.12776e-06    -0.001372416      -0.1048681        80.08363
       353.5947        374.3944
              0               0               1       -3846.154
  -5.563879e-09    3.141399e-06    -0.002457621        15.42702
  -4.167651e-09    5.453399e-06     0.009737172        76.92108
      -3846.154       -3557.692
