              0               0               0        153.8462
   3.554293e-06     0.004220343      -0.3906475       -80.93307
  -1.443269e-05     0.001802489       0.9207073       -11.65725
      -40.22526       -26.81684
              0               0               1        153.8462
   7.676588e-08   -5.978816e-05     0.004420793       -85.40371
   1.311544e-06   -0.0001554523     -0.00981564       0.9772538
       153.8462        307.6923
              0               0               0        307.6923
  -3.147799e-06      0.00425332      -0.3759844       -81.53069
  -1.566267e-05     0.001733855       0.9266571       -12.29768
       -40.7298        -27.1532
              0               0               1        153.8462
  -1.809215e-07   -4.740767e-05     0.007691162       -80.93307
   1.108712e-06   -0.0001557957    -0.006435923       -11.65725
       153.8462        307.6923
