              0               0               0       -2115.385
  -2.647088e-06   -7.881224e-05       0.9901023        86.94436
    9.10277e-07   -0.0008190379      -0.1444599        88.64052
       536.8752         563.719
              0               0               1       -2115.385
   1.044838e-08   -9.870415e-06     0.005695643        113.4144
  -6.134216e-08    2.112018e-05      0.02455832         84.1901
      -2115.385       -1826.923
              0               0               0       -1826.923
  -2.401455e-06   -3.713864e-05       0.9960951        86.64303
   5.662568e-07   -0.0007720242     -0.09476018        94.81021
       560.7087        588.7441
              0               0               1       -2115.385
    2.03993e-08   -1.177187e-05    0.0006537014        86.94436
  -4.956044e-08    1.560402e-05      0.02101102        88.64052
      -2115.385       -1826.923
