              0               0               0       -865.3846
   -2.54049e-06     0.000226251      -0.9884871        -41.5058
  -1.989326e-05     0.001485404       0.1505186       -11.00975
       649.5977        666.6778
              0               0               1       -865.3846
  -4.506375e-06    0.0007146496       0.3030161       -58.33588
   7.657187e-06    -0.002975023     -0.04728235       -8.104675
      -865.3846       -788.4615
              0               0               0       -788.4615
   8.972991e-07    0.0003530001       -0.988537       -18.62553
   -1.29504e-05     0.002325255       0.1504541       -28.48409
       548.9606        563.4269
              0               0               1       -865.3846
  -3.745053e-06    0.0007076057       0.2651724        -41.5058
   7.208374e-06    -0.002848846     -0.05067754       -11.00975
      -865.3846       -788.4615
