              0               0               0        2307.692
  -3.509238e-07    2.584616e-05      -0.9962575        356.5828
   3.202688e-06   -0.0002428962     -0.08715424       -23.01999
       -549.311       -523.1533
              0               0               1        2307.692
  -3.971219e-09   -2.005044e-06     -0.04389574        330.5345
   1.956053e-08   -3.150539e-05      0.04716672       -25.40862
       2307.692        2576.923
              0               0               0        2576.923
  -5.080804e-07    3.447121e-05      -0.9933313        343.3451
   3.720399e-06    -0.000256557      -0.1157997       -11.61071
      -525.6753       -500.6432
              0               0               1        2307.692
   -4.33612e-09   -1.698102e-06     -0.04839707        356.5828
   2.039066e-08   -3.396541e-05      0.05004384       -23.01999
       2307.692        2576.923
