              0               0               0       -2115.385
  -0.0006006436     0.006792534        1.055338        191.1153
  -2.435012e-05    -0.005173158      -0.3913917        63.31023
       644.2502         671.094
              0               0               1       -2115.385
  -3.344681e-08    7.960065e-08      0.02780862        212.7207
  -9.926767e-08    4.064005e-05      0.03489566        48.60508
      -2115.385       -1826.923
              0               0               0       -1826.923
   -0.000545816     0.006667531        1.073216        196.6449
  -4.748011e-05     -0.00473131      -0.3374155        73.89466
       672.8504        700.8858
              0               0               1       -2115.385
   -2.29448e-08   -2.424214e-06      0.02177781        191.1153
  -9.276592e-08    3.692957e-05      0.03375899        63.31023
      -2115.385       -1826.923
