              0               0               0        4134.615
   1.370105e-06   -0.0002999426       0.9845328        96.53963
   1.133038e-05    -0.001588669      -0.1757096        72.60076
       222.6166         241.168
              0               0               1        4134.615
  -4.730323e-09    3.762104e-06     -0.02318318        114.7096
  -1.212367e-08    7.545832e-06    -0.008272863        68.86669
       4134.615        4423.077
              0               0               0        4423.077
   2.388764e-06   -0.0003321445       0.9856915        91.21187
   1.883523e-05    -0.001876845      -0.1684217         70.2049
       208.1452        225.4906
              0               0               1        4134.615
  -4.465634e-09    3.639678e-06     -0.01914791        96.53963
    -9.8654e-09    6.164157e-06    -0.009262845        72.60076
       4134.615        4423.077
