              0               0               0       -711.5385
  -1.040489e-05   -0.0001014349       0.9996613        19.02538
  -2.450789e-05    -0.003329044     -0.02793095        115.4936
       173.6902         187.051
              0               0               1       -711.5385
  -1.095677e-05   -0.0004269543       0.1986617        32.33871
  -4.589931e-07    -0.000737401       0.3343217        114.4677
      -711.5385       -634.6154
              0               0               0       -634.6154
  -1.568927e-05   -0.0002333464       0.9976311        26.49005
  -1.535845e-05     -0.00422625     -0.06163671         137.296
       178.5422        192.2762
              0               0               1       -711.5385
  -1.051108e-05   -0.0005609845       0.2023891        19.02538
  -2.207283e-06   -0.0007237065       0.3521616        115.4936
      -711.5385       -634.6154
