              0               0               0       -788.4615
   2.743998e-06    0.0002589958      -0.9426149       -88.40951
   5.447065e-06    0.0007396309       0.3339508        -9.82761
       621.2921        635.7584
              0               0               1       -788.4615
  -3.867276e-06     -0.00112709       0.4892567       -101.9831
   1.300595e-05    -0.001347388      -0.3086317       -4.825303
      -788.4615       -711.5385
              0               0               0       -711.5385
  -2.176421e-05     0.002097823      -0.8605368       -61.57203
  -4.222686e-05     0.003494853        0.507958       -37.95057
       575.1872        588.5854
              0               0               1       -788.4615
  -4.243319e-06    -0.001009365       0.4516391       -88.40951
   1.268539e-05    -0.001354085      -0.3364996        -9.82761
      -788.4615       -711.5385
