              0               0               0        1173.077
  -5.871026e-08   -7.154903e-07      -0.9977814        211.2461
  -9.066686e-07   -1.075016e-05      0.06654538       -70.80538
      -430.4643       -403.5603
              0               0               1        1173.077
  -3.403527e-06   -1.748069e-05       0.2318975        184.4001
   1.356787e-05    -0.000972265      -0.3807654       -69.04048
       1173.077            1250
              0               0               0            1250
   1.121226e-07   -8.517045e-06      -0.9891282        230.2412
   6.722038e-07   -5.460713e-05       0.1469417       -102.2814
      -479.6276       -449.6508
              0               0               1        1173.077
  -4.298286e-06      1.5953e-05       0.2711431        211.2461
   1.496771e-05    -0.001079507      -0.4147157       -70.80538
       1173.077            1250
