              0               0               0       -3923.077
  -1.772699e-06    0.0001219792        -0.98386       -99.28308
  -9.553765e-06    0.0006484678       0.1790085        -14.2524
       751.3982        770.6581
              0               0               1       -3923.077
   3.786661e-08     -8.5074e-06     -0.03124132       -118.1996
   3.306331e-07   -8.188636e-05     -0.03324297       -10.63242
      -3923.077       -3653.846
              0               0               0       -3653.846
  -1.305077e-06    0.0001348077      -0.9893545       -106.2923
  -9.023139e-06    0.0008648161       0.1457883       -22.33304
        796.123        816.5822
              0               0               1       -3923.077
   2.839006e-08   -5.958163e-06     -0.02648796       -99.28308
   3.027908e-07   -7.476936e-05     -0.03183143        -14.2524
      -3923.077       -3653.846
