              0               0               0        935.8974
  -6.675256e-07    9.183029e-06      -0.9866156        124.1744
   2.656108e-06   -3.763695e-05      -0.1627412        -6.38674
       -273.428       -255.1994
              0               0               1        935.8974
   2.802018e-06   -0.0008619469       0.2899698        106.1889
   8.940656e-06    -0.002364913     -0.06702516       -9.349691
       935.8974        1048.718
              0               0               0        1048.718
  -2.964686e-07   -9.953633e-07      -0.9983012        154.2046
   4.180846e-06    3.550342e-05     -0.05790339       -32.94779
      -334.2405       -311.9578
              0               0               1        935.8974
   2.837927e-06   -0.0008882055       0.3302617        124.1744
   9.270994e-06    -0.002466685     -0.07514041        -6.38674
       935.8974        1048.718
