              0               0               0        3846.154
   2.018929e-06   -0.0001613177      -0.9954136        121.7375
  -2.381286e-06     0.001626592     -0.09505555       -23.78411
      -257.7988       -237.9681
              0               0               1        3846.154
   1.839187e-08   -1.048496e-05     -0.01597487        101.9501
  -2.560362e-07    0.0001326368      0.01405354       -25.04802
       3846.154        4134.615
              0               0               0        4134.615
   1.710357e-06   -0.0002639335      -0.9870979        115.2745
   4.166068e-06     0.001569823      -0.1598953       -13.70637
      -240.7974       -222.2745
              0               0               1        3846.154
   2.785911e-08   -1.534054e-05     -0.02029799        121.7375
  -3.064195e-07     0.000158565      0.01469342       -23.78411
       3846.154        4134.615
