              0               0               0        369.2308
  -4.587469e-06     0.003351623       0.6612607       -62.39932
  -1.682781e-05    -0.002933205       0.7507279        102.8245
       81.84074        95.48087
              0               0               1        369.2308
  -1.938432e-07    0.0004130553    -0.006209255       -52.76771
  -1.651957e-06    0.0004521177      0.06721251        112.4761
       369.2308        484.6154
              0               0               0        484.6154
  -2.450535e-05     0.004030207       0.6813341       -57.81193
  -7.265962e-06    -0.003645404       0.7319399        114.7933
       78.34607        91.40374
              0               0               1        369.2308
  -7.544075e-07     0.000445284    -0.001577607       -62.39932
  -2.154518e-06    0.0005543016       0.0684559        102.8245
       369.2308        484.6154
