              0               0               0       -2980.769
  -3.441482e-06    2.992381e-05       0.9857494       -303.8749
    2.20281e-05   -0.0003771259        0.171432        22.29962
       69.66593         92.8879
              0               0               1       -2980.769
   5.314668e-10    2.251693e-07     -0.05398374       -281.0108
  -1.327719e-08    -1.03593e-05     -0.01645961        26.35309
      -2980.769       -2692.308
              0               0               0       -2692.308
   -3.44766e-06    2.620843e-05       0.9826323       -320.5179
   1.912941e-05   -0.0002868519       0.1882427        15.71895
       73.27561        97.70082
              0               0               1       -2980.769
   5.062787e-10    5.002435e-07     -0.05788232       -303.8749
  -1.494434e-08   -1.083377e-05     -0.01844433        22.29962
      -2980.769       -2692.308
