              0               0               0        1274.359
  -1.553167e-07     -4.7107e-06      -0.9869126        293.2417
  -7.352427e-07   -4.158113e-05       0.1609946       -115.3028
      -547.7511       -517.3205
              0               0               1        1274.359
    6.38355e-06     -0.00171403       0.1297155        263.2006
  -1.517284e-05     0.004039011      -0.1414586       -110.4628
       1274.359        1387.179
              0               0               0        1387.179
   6.616096e-08   -9.714533e-06      -0.9934476        294.9215
   5.440304e-07   -8.365521e-05       0.1142655       -100.1597
      -538.6596       -508.7341
              0               0               1        1274.359
   7.367217e-06    -0.001977822       0.1442551        293.2417
  -1.645213e-05     0.004377823      -0.1502746       -115.3028
       1274.359        1387.179
