              0               0               0       -2692.308
  -0.0007284591     0.007165246        1.030961        177.3409
   1.956726e-05    -0.006317507      -0.4565978        50.36055
       586.2049        610.6301
              0               0               1       -2692.308
  -2.572522e-09   -6.994961e-07      0.02967535         196.182
  -5.578669e-09    1.245679e-05      0.01517786        35.72422
      -2692.308       -2403.846
              0               0               0       -2403.846
  -0.0006549921     0.006783274        1.039631        184.5477
  -4.214823e-07    -0.005786851      -0.4288245        55.80849
       615.2583        640.8941
              0               0               1       -2692.308
  -7.634288e-09    1.160816e-06      0.02528405        177.3409
  -3.765251e-09       1.003e-05      0.01630625        50.36055
      -2692.308       -2403.846
