              0               0               0       -2115.385
   2.303559e-06   -0.0002715282       0.9629716       -326.6342
  -9.564389e-06     0.001013983        0.268507       -1.799118
        107.375        134.2188
              0               0               1       -2115.385
   9.711252e-08   -8.967184e-06     -0.04936641       -300.9355
    1.55626e-07   -6.650127e-05     -0.05545097        5.954276
      -2115.385       -1826.923
              0               0               0       -1826.923
    2.32236e-06   -0.0003016691       0.9483305       -339.9919
  -8.036039e-06    0.0009378426       0.3163752       -21.26906
       112.1417        140.1772
              0               0               1       -2115.385
   1.014794e-07   -8.432202e-06     -0.05231855       -326.6342
   1.690386e-07   -7.170205e-05     -0.06087824       -1.799118
      -2115.385       -1826.923
