              0               0               0       -484.6154
    9.26224e-06     0.001370831      -0.9728718       -2.103149
  -1.893972e-05      0.00536434        0.230764       -91.79077
       540.9721        556.7393
              0               0               1       -484.6154
   1.352382e-06   -0.0001303468    -0.007450258       -17.06554
  -4.778141e-07    0.0003233488      0.01091216        -86.8929
      -484.6154       -369.2308
              0               0               0       -369.2308
   1.699393e-05     0.001013772      -0.9785854       -3.414521
  -9.390708e-06     0.004965863       0.2076519       -86.17952
       544.1111        558.8712
              0               0               1       -484.6154
   1.569063e-06   -0.0002121543     -0.00777578       -2.103149
  -6.646515e-07    0.0003811328      0.01350294       -91.79077
      -484.6154       -369.2308
