              0               0               0       -2115.385
   3.191926e-05    -0.002562899      -0.8574113        174.3178
   1.139592e-05    0.0004666859      -0.4489315        13.59048
       724.6947         751.495
              0               0               1       -2115.385
   -4.04546e-08    9.534896e-06       0.0251369        150.1125
  -5.707224e-08    2.679261e-05      0.01712034         2.11353
      -2115.385       -1826.923
              0               0               0       -1826.923
   2.671597e-05    -0.002365574       -0.834233        181.8078
   1.386891e-05    0.0002326985      -0.4922093        21.20421
       756.8752        784.8699
              0               0               1       -2115.385
   -4.10396e-08    7.505286e-06      0.02721513        174.3178
  -7.430918e-08    3.333173e-05      0.02296261        13.59048
      -2115.385       -1826.923
