              0               0               0        1826.923
   5.751951e-07     9.13994e-05      -0.9969205        123.5157
  -2.435071e-06     0.001177095      0.07752953        -58.3673
      -337.8415        -309.688
              0               0               1        1826.923
   1.435512e-08   -2.170587e-05     0.008343235        95.53423
   -1.12464e-07    6.858871e-05      0.01544927       -55.30593
       1826.923        2115.385
              0               0               0        2115.385
   7.750326e-07    3.195784e-05      -0.9996711        123.3956
  -3.030658e-06     0.001263583      0.02485525       -49.37105
      -323.5631       -296.5995
              0               0               1        1826.923
   2.720468e-08   -3.120264e-05     0.006320838        123.5157
  -1.319341e-07    7.863735e-05       0.0194814        -58.3673
       1826.923        2115.385
