              0               0               0       -557.6923
   4.300907e-05     0.003255924      0.06754874       -76.30543
  -1.568261e-05   -0.0002404895       0.9981404        51.40237
       42.83207        57.10943
              0               0               1       -557.6923
  -3.829544e-07    9.542696e-05     -0.02054692       -74.55215
  -7.245345e-06     0.002328995      -0.1463673        65.55851
      -557.6923       -461.5385
              0               0               0       -461.5385
   6.250821e-06      0.00407161      0.06410125       -77.75097
  -1.218944e-05   -0.0002759991       0.9984607        52.40418
       42.85859        57.14478
              0               0               1       -557.6923
   6.527341e-07   -0.0003221267     0.009905266       -76.30543
   -7.56352e-06     0.002467733      -0.1569342        51.40237
      -557.6923       -461.5385
