              0               0               0       -4730.769
   6.184587e-07   -9.333943e-05      -0.9958342        31.55016
  -9.479048e-07     0.001086054     -0.09169866       -8.709987
       508.5175        524.3905
              0               0               1       -4730.769
    4.60183e-10    6.678522e-07   -0.0002859874        15.72216
  -1.747403e-08    1.137545e-05     -0.01172072       -9.895682
      -4730.769       -4461.538
              0               0               0       -4461.538
   4.724672e-07   -9.358095e-05      -0.9951704         32.6401
   1.669116e-06    0.0009812175     -0.09861336       -11.18339
       544.5488        561.5437
              0               0               1       -4730.769
   8.281535e-09   -4.257429e-06     0.004594289        31.55016
  -1.671486e-08    1.096043e-05     -0.01092622       -8.709987
      -4730.769       -4461.538
