              0               0               0        3557.692
  -1.538992e-06   -9.416646e-05      -0.9850396        147.6602
   1.309525e-05    0.0005124754      -0.1725132       -18.38175
      -293.2834       -272.3346
              0               0               1        3557.692
  -2.720683e-08     8.20383e-06     -0.01823932        126.9693
   2.842165e-07   -8.739161e-05    -0.005837367       -21.65041
       3557.692        3846.154
              0               0               0        3846.154
  -2.982654e-07   -0.0001435733      -0.9893674        141.4161
    1.17809e-05    0.0009257228      -0.1456697        -21.3513
      -277.6295       -257.7988
              0               0               1        3557.692
  -3.732039e-08    1.114629e-05     -0.02175577        147.6602
   3.230927e-07   -9.844374e-05    -0.008781739       -18.38175
       3557.692        3846.154
