              0               0               0        2038.462
  -4.855255e-07    7.569849e-05       0.9962963       -21.09791
  -3.128659e-06   -0.0007532611      0.08446023        93.87577
       163.9567        191.2828
              0               0               1        2038.462
   4.896823e-09    3.662559e-06    -0.008807303        6.173617
   6.895172e-09   -3.332764e-06     -0.01212067        95.55743
       2038.462        2307.692
              0               0               0        2307.692
  -4.609159e-07    0.0001124011       0.9922601       -21.90064
  -2.463462e-06   -0.0008129779       0.1229643          89.568
       157.1881        183.3861
              0               0               1        2038.462
   2.884083e-09    4.982146e-06     -0.00453196       -21.09791
   5.600288e-09   -4.519634e-07     -0.01628453        93.87577
       2038.462        2307.692
