              0               0               0       -4730.769
   3.836825e-06    7.584633e-05      -0.9985966       -31.87382
   1.313698e-05     0.001623132      0.05378333       -10.13796
       572.0098        587.8829
              0               0               1       -4730.769
  -3.088079e-08    2.041372e-05     -0.01999508       -47.69018
  -1.962947e-08    1.179235e-05      -0.0130083       -8.822762
      -4730.769       -4461.538
              0               0               0       -4461.538
    3.06203e-06    6.707746e-05      -0.9988965       -35.25466
    9.69997e-06     0.001554192      0.04797493       -13.16513
       612.5285        629.5234
              0               0               1       -4730.769
  -2.302683e-08    1.549275e-05     -0.01505941       -31.87382
  -1.895165e-08    1.201808e-05      -0.0131057       -10.13796
      -4730.769       -4461.538
