              0               0               0        1826.923
   2.469159e-07   -9.663431e-06      -0.9998518        179.7852
    8.92141e-06    0.0002641714     -0.02034934       -59.49472
      -394.1484        -365.995
              0               0               1        1826.923
   4.115228e-08   -4.124554e-05     0.004038208        151.6337
  -1.527592e-07    8.933193e-05      0.02330075       -59.65916
       1826.923        2115.385
              0               0               0        2115.385
  -3.133519e-07   -2.226205e-05      -0.9973651        177.2692
   1.007158e-05    0.0002484524     -0.07324734        -47.5742
      -377.4903       -350.5267
              0               0               1        1826.923
   5.625959e-08   -5.189482e-05     0.001566285        179.7852
  -1.719376e-07    9.887548e-05      0.02710965       -59.49472
       1826.923        2115.385
