              0               0               0       -1096.154
  -1.949279e-06    0.0005112259       0.9468475       -63.29206
    9.81994e-07    -0.001499939       0.3215248        76.33267
        355.077        380.4397
              0               0               1       -1096.154
   6.064448e-06    -0.001082591        0.258752       -38.98046
  -1.243038e-07   -0.0004488068      0.02533381        83.53855
      -1096.154       -1019.231
              0               0               0       -1019.231
  -1.442859e-06    0.0004170069       0.9667223       -44.82029
  -1.590848e-06    -0.001580946       0.2555915        77.81457
       317.1693        339.8243
              0               0               1       -1096.154
   6.469881e-06    -0.001134598       0.2891266       -63.29206
   1.137008e-06    -0.000686446      0.06534038        76.33267
      -1096.154       -1019.231
