              0               0               0        3846.154
   2.406797e-07    0.0001465771      -0.9855864       -16.50686
   3.778188e-06     0.000791001       0.1684175       -15.99126
      -118.9841       -99.15339
              0               0               1        3846.154
  -4.110098e-09    1.106248e-06      0.01317948       -35.99218
  -5.648193e-08    3.035043e-05     0.006764317        -12.3109
       3846.154        4134.615
              0               0               0        4134.615
    7.43611e-07     0.000130416      -0.9896343       -13.91561
   8.477257e-06    0.0008034918       0.1426601       -12.16194
      -111.1372       -92.61437
              0               0               1        3846.154
  -2.486816e-09    2.507431e-07     0.009117578       -16.50686
  -7.465596e-08    3.964283e-05     0.008051652       -15.99126
       3846.154        4134.615
