              0               0               0       -4730.769
   5.374235e-06   -0.0001658518       -0.973945       -218.5344
   2.198205e-05   -0.0007207431       0.2267718        27.02478
       762.4868        778.3599
              0               0               1       -4730.769
  -1.238359e-07    7.868055e-05       -0.078876       -234.0142
  -5.936401e-09    1.108104e-06    -0.005699796        30.53067
      -4730.769       -4461.538
              0               0               0       -4461.538
    4.06457e-06    -0.000141876      -0.9754635       -235.3646
   1.826024e-05   -0.0006497724       0.2199794        25.32009
       816.4675        833.4625
              0               0               1       -4730.769
  -1.164156e-07    7.388051e-05     -0.07396472       -218.5344
  -8.278705e-09    2.219931e-06    -0.006329319        27.02478
      -4730.769       -4461.538
