              0               0               0       -484.6154
   3.815371e-06     0.004377338      -0.3526658       -69.90528
   -1.37344e-05     0.001646359       0.9359103       -31.37427
       635.5755        651.3427
              0               0               1       -484.6154
   2.648906e-06   -0.0003446152     -0.03104388       -74.36266
   2.012918e-06   -0.0004627851     -0.01865731        -16.2621
      -484.6154       -369.2308
              0               0               0       -369.2308
   1.693764e-05     0.004063004      -0.4839728       -72.25964
  -1.142471e-05     0.002277827       0.8751524       -34.86087
       632.6719         647.432
              0               0               1       -484.6154
   2.080373e-06   -0.0002081846     -0.02408043       -69.90528
   1.618082e-06   -0.0003242254     -0.01434905       -31.37427
      -484.6154       -369.2308
