              0               0               0           -5000
  -1.113157e-06    0.0003390139       -0.992406       -43.12344
  -2.896713e-05     0.002728819       0.1216085       -5.895335
       546.3031        561.0538
              0               0               1           -5000
   1.214235e-09    8.577812e-08     -0.02153881       -57.69188
   2.076216e-08   -1.866747e-05    -0.007033224        -3.60076
          -5000       -4711.538
              0               0               0       -4711.538
   2.279889e-06    0.0002379592      -0.9934352       -48.09667
  -5.072405e-06     0.002093464       0.1144835       -9.021934
       590.8313        606.7778
              0               0               1           -5000
   5.251034e-10    7.254056e-07     -0.01749346       -43.12344
   1.714544e-08   -1.558293e-05    -0.007770474       -5.895335
          -5000       -4711.538
