              0               0               0        2980.769
   2.134681e-07    0.0001504547      -0.9831343       -24.71245
   2.462397e-06    0.0007570237       0.1820351       -20.72914
       -140.094        -116.745
              0               0               1        2980.769
  -3.580659e-09    3.965732e-07      0.01429134       -47.58291
   8.300317e-09    3.200222e-07      0.00374958       -16.03475
       2980.769        3269.231
              0               0               0        3269.231
   6.860392e-07    0.0001340764      -0.9856186       -21.76181
   5.168839e-06    0.0007257717       0.1683326       -18.86668
      -132.8591       -110.7159
              0               0               1        2980.769
  -3.425613e-09    1.229722e-07      0.01047846       -24.71245
    1.02718e-08   -6.974399e-07     0.005803005       -20.72914
       2980.769        3269.231
