              0               0               0        2038.462
   1.815025e-06   -0.0002140418       0.9351149        166.6825
   4.712662e-06   -0.0005481322      -0.3544531        68.81617
       355.2395        382.5656
              0               0               1        2038.462
   1.899677e-08   -9.626399e-06     -0.03017808        192.1127
   8.629524e-10    -1.67545e-05      0.02340273        58.81721
       2038.462        2307.692
              0               0               0        2307.692
   1.915685e-06   -0.0002107744       0.9483033        158.9274
   5.745242e-06   -0.0006162944      -0.3174099        72.55552
       340.5742        366.7722
              0               0               1        2038.462
   1.690498e-08   -7.252145e-06      -0.0280775        166.6825
   1.432815e-09    -1.48339e-05      0.01777891        68.81617
       2038.462        2307.692
