              0               0               0       -1769.231
   -3.89801e-07    1.898655e-05      -0.9996656       -366.9717
  -1.463226e-05    0.0008161665      0.02008848       -56.98384
       1327.917        1356.149
              0               0               1       -1769.231
   3.101529e-07    -2.84177e-05     -0.04921342       -395.1877
   3.794525e-07    -0.000150889      -0.1174415       -56.09544
      -1769.231           -1500
              0               0               0           -1500
   6.191231e-07   -3.902965e-05      -0.9983978       -375.0962
  -1.290193e-05    0.0007644818     -0.05421941       -89.98625
       1381.979        1411.356
              0               0               1       -1769.231
    2.62847e-07   -2.072033e-05      -0.0436508       -366.9717
   3.545998e-07   -0.0001405786      -0.1104356       -56.98384
      -1769.231           -1500
