              0               0               0       -4423.077
   -7.31668e-08   -1.559526e-05      -0.9776641       -120.2317
  -3.050025e-07   -7.482515e-05       0.2101962       0.5980441
       704.0946         721.247
              0               0               1       -4423.077
  -2.132143e-08    3.932186e-06     -0.03662232        -137.006
  -1.387802e-07    2.197102e-05    -0.005114969        4.179872
      -4423.077       -4134.615
              0               0               0       -4134.615
  -7.670107e-08     -1.2641e-05      -0.9792111       -129.7679
  -3.929321e-07   -6.075871e-05       0.2028413       -2.500544
       753.6635        772.0274
              0               0               1       -4423.077
  -1.931673e-08    3.635201e-06     -0.03250003       -120.2317
  -1.363281e-07    2.167886e-05     -0.00565142       0.5980441
      -4423.077       -4134.615
