              0               0               0        1173.077
  -3.185553e-05     0.002127307       0.9590712       -125.8745
  -1.842046e-05    0.0002140964       0.1226061         95.2341
       53.88635        80.82952
              0               0               1        1173.077
  -1.312442e-06    0.0001974524    -0.008461928       -99.11281
  -6.785779e-06    0.0003934025       0.2111311        98.33263
       1173.077            1250
              0               0               0            1250
  -2.655445e-05     0.001902938       0.9661135       -129.2001
  -1.383585e-05    0.0001131897       0.0428609        112.7982
       60.05604        90.08405
              0               0               1        1173.077
  -1.540565e-07    0.0001404007     -0.05312168       -125.8745
  -8.076678e-06    0.0005072585       0.2371041         95.2341
       1173.077            1250
