              0               0               0       -307.6923
   2.096618e-05    -0.004301012       0.4683616        115.2737
   2.011513e-05     -0.00221254      -0.8827388        80.54555
       290.3488         304.175
              0               0               1       -307.6923
   1.179148e-06   -0.0003389955      0.01471256        120.9826
  -1.909089e-06    0.0007720333     -0.08414334         67.9709
      -307.6923       -153.8462
              0               0               0       -153.8462
   1.960304e-05    -0.004040952       0.4896762        113.6425
   1.798898e-05    -0.002196086      -0.8712549        78.35048
       280.8867        294.2622
              0               0               1       -307.6923
   1.340829e-06   -0.0003877373      0.01731333        115.2737
  -1.740515e-06    0.0007416556     -0.08717318        80.54555
      -307.6923       -153.8462
