              0               0               0       -2576.923
  -3.205317e-07   -9.082645e-05       0.9678997        -278.524
   1.380896e-06     0.000314779        0.251873        23.14591
       124.5282        149.4338
              0               0               1       -2576.923
  -8.767299e-09    2.946908e-06     -0.04591149       -254.4791
  -1.482296e-08   -1.600519e-05     -0.02341743        29.63556
      -2576.923       -2307.692
              0               0               0       -2307.692
  -4.811564e-07   -9.051629e-05       0.9607161       -291.7389
   1.730712e-06    0.0002856723        0.277982        14.42027
       130.1707        156.2048
              0               0               1       -2576.923
  -8.337205e-09    3.359075e-06     -0.04938427        -278.524
   -1.62363e-08   -1.734668e-05     -0.02656238        23.14591
      -2576.923       -2307.692
