              0               0               0            1500
    3.58724e-08    0.0001835187      -0.9532077        34.24053
  -6.628488e-07    0.0005808902       0.3022724        -50.3779
      -265.4167       -235.9259
              0               0               1            1500
   7.105412e-09   -1.671628e-05      0.02461842        6.290253
   -6.35094e-08    4.416123e-05   -0.0005076216       -40.97547
           1500        1769.231
              0               0               0        1769.231
   1.375831e-07    0.0001402284      -0.9737032        39.37397
  -4.888907e-07    0.0006020578       0.2277602       -46.09107
      -255.5234       -227.1319
              0               0               1            1500
   2.521383e-08   -3.081156e-05      0.02553486        34.24053
  -8.365089e-08    5.129252e-05     0.008176466        -50.3779
           1500        1769.231
