              0               0               0        1387.179
   1.157207e-06    2.546123e-05      -0.9934859        175.9375
   7.296481e-06    0.0002474012        0.114293       -87.07165
      -418.9575       -389.0319
              0               0               1        1387.179
  -7.608077e-07    0.0001684431      0.01644645        146.2608
   2.352682e-06   -0.0007206865       0.1153713       -83.23427
       1387.179            1500
              0               0               0            1500
   8.557097e-07     1.49915e-05      -0.9975536        178.5513
    7.58733e-06    0.0002531561      0.07040871       -78.50391
      -412.8704       -383.3796
              0               0               1        1387.179
  -1.010047e-06    0.0002373707     0.009243864        175.9375
   2.629438e-06   -0.0008117083       0.1340499       -87.07165
       1387.179            1500
