              0               0               0       -1019.231
  -3.481303e-07    2.081771e-05      -0.9991813       -95.31176
  -5.398793e-06    0.0003327998      0.04226078       -36.33214
       882.9834        905.5984
              0               0               1       -1019.231
  -1.908087e-07    0.0002220965        0.240836       -117.9016
  -6.456515e-06    0.0007941248       0.2392785       -35.26865
      -1019.231       -942.3077
              0               0               0       -942.3077
  -6.149291e-07    3.905083e-05      -0.9933011       -78.44959
   -5.44451e-06    0.0003393153       0.1153951        -17.4832
       774.8122        794.6546
              0               0               1       -1019.231
   8.456028e-08    0.0001711647       0.2055414       -95.31176
  -6.144343e-06    0.0007690455       0.2222358       -36.33214
      -1019.231       -942.3077
