              0               0               0       -3923.077
   7.553651e-07    5.103673e-06      -0.9734223       -269.2137
   1.919967e-06    3.764704e-05       0.2289599        19.90283
       924.7377        943.9976
              0               0               1       -3923.077
    2.86672e-08   -8.326402e-06     -0.06790615       -287.9545
   1.110093e-07   -3.090323e-05     -0.01565215        24.34027
      -3923.077       -3653.846
              0               0               0       -3653.846
  -1.603528e-06    0.0002907809      -0.9616365       -286.7147
   -9.33597e-06     0.001065916       0.2742122        14.07621
       980.2554        1000.715
              0               0               1       -3923.077
   4.785511e-08   -1.306331e-05     -0.06495548       -269.2137
   2.032158e-07   -5.345581e-05     -0.02197993        19.90283
      -3923.077       -3653.846
