              0               0               0            1500
  -5.194797e-05     0.002339988      -0.7807407       -151.5623
   9.088907e-05    3.777887e-05       0.5720798        37.67768
      -58.98148       -29.49074
              0               0               1            1500
  -9.426497e-08    7.208953e-05     0.007863293       -173.8842
   9.579422e-08   -2.188541e-05     -0.05860167        56.91274
           1500        1769.231
              0               0               0        1769.231
  -6.187056e-05     0.002408074      -0.8235997       -145.5232
    9.17148e-05    0.0002928141       0.5098547        24.60792
      -56.78298       -28.39149
              0               0               1            1500
  -8.022618e-08    5.855101e-05      0.01248222       -151.5623
   7.541178e-08   -1.335495e-05      -0.0504155        37.67768
           1500        1769.231
