              0               0               0        3115.385
   3.822613e-07    2.990807e-05       -0.999351        67.30365
  -1.629179e-08     0.000776817      0.03685302       -29.56753
      -227.8258       -205.0432
              0               0               1        3115.385
   9.730485e-10   -1.510733e-06    -0.002051949         44.5559
  -3.129236e-08    3.225766e-06       0.0120379       -28.32491
       3115.385        3384.615
              0               0               0        3384.615
   4.105573e-07    2.212639e-05      -0.9997001        65.55134
   3.498273e-07    0.0007951429        0.025434       -26.38827
      -216.5945       -194.9351
              0               0               1        3115.385
   1.846704e-09   -1.736661e-06    -0.006174861        67.30365
  -4.246921e-08    4.555276e-06      0.01366067       -29.56753
       3115.385        3384.615
