              0               0               0           -1250
   3.463994e-07   -3.757118e-05      -0.9870929       -135.0195
  -2.363298e-06    0.0002530225      -0.1604545       -96.43951
       1191.897        1222.425
              0               0               1           -1250
    3.33938e-06    0.0003611328      0.08237368       -165.1793
   5.130694e-06     0.001090686       0.0841857       -101.1694
          -1250       -1173.077
              0               0               0       -1173.077
    8.97355e-08   -1.427396e-05      -0.9927512       -126.7389
  -1.365155e-06    0.0001609439      -0.1207458       -82.54568
       1118.444         1147.09
              0               0               1           -1250
   2.956222e-06    0.0002665306      0.06965377       -135.0195
    4.76417e-06    0.0009718586      0.07767108       -96.43951
          -1250       -1173.077
