              0               0               0       -4134.615
   -2.46484e-06    0.0002365801      -0.9869162       -75.74241
   -1.56727e-05     0.001353551       0.1616444       -13.26731
        698.572        716.9358
              0               0               1       -4134.615
    2.42108e-08    -8.90161e-06     -0.02608851       -93.80147
   2.273757e-07    -8.54749e-05     -0.02609546       -9.939495
      -4134.615       -3846.154
              0               0               0       -3846.154
  -8.296742e-07    0.0001833031      -0.9940393       -82.02368
  -1.427832e-05     0.001641125        0.108105       -21.77046
       745.1539        764.7983
              0               0               1       -4134.615
   1.694016e-08   -6.219634e-06     -0.02139056       -75.74241
   1.996651e-07   -7.493452e-05     -0.02447602       -13.26731
      -4134.615       -3846.154
