              0               0               0       -2307.692
   5.273056e-06   -0.0003704139       0.9833807       -367.6319
  -3.051226e-05     0.002098318       0.1777966       -3.929542
       52.06828        78.10242
              0               0               1       -2307.692
   4.137306e-08   -2.092606e-06     -0.05602901       -342.1885
   1.554792e-08    -3.53039e-05     -0.04756106        1.583033
      -2307.692       -2038.462
              0               0               0       -2038.462
   6.094849e-06   -0.0004394348       0.9761665       -382.9335
  -2.935425e-05     0.002079149       0.2133299       -20.21857
        54.3312        81.49681
              0               0               1       -2307.692
   4.223828e-08   -1.488423e-06     -0.05949543       -367.6319
   1.700045e-08   -3.806463e-05      -0.0514862       -3.929542
      -2307.692       -2038.462
