              0               0               0           -5000
   4.329001e-06    6.516497e-05       0.9747585       -70.26408
    -2.1462e-05   -0.0002703389       0.2233665        58.88239
         162.49        177.2618
              0               0               1           -5000
   9.188349e-10    -1.14995e-06     -0.02179265       -55.83695
  -1.081329e-09    8.255173e-08     0.008085491        62.05375
          -5000       -4711.538
              0               0               0       -4711.538
   4.195072e-06    6.083326e-05       0.9732751       -77.78147
  -2.132108e-05   -0.0002309402       0.2298835        60.83967
       175.7683        191.7472
              0               0               1           -5000
   8.835761e-10   -1.074405e-06      -0.0258239       -70.26408
  -1.124597e-09   -5.441221e-08     0.006894529        58.88239
          -5000       -4711.538
