              0               0               0       -1019.231
   7.239363e-07   -0.0002092636      -0.9652613        61.09046
  -1.602136e-06    0.0007881267      -0.2614064       -16.85375
       724.6786        747.2936
              0               0               1       -1019.231
   1.242769e-06   -9.383797e-05      0.01287377        39.16245
   -2.88429e-06    0.0003966114      0.08321661       -22.38091
      -1019.231       -942.3077
              0               0               0       -942.3077
    8.38595e-07   -0.0001490511      -0.9845996        59.75203
  -3.896309e-06    0.0008816827      -0.1748146       -11.79361
       635.9159        655.7582
              0               0               1       -1019.231
    1.31223e-06   -0.0001236785     -0.01565051        61.09046
  -2.189809e-06    0.0003066914      0.05514764       -16.85375
      -1019.231       -942.3077
