              0               0               0        711.5385
  -7.298657e-06      0.00368103       0.5534414       -75.49933
  -1.150714e-05    -0.002429878       0.8327022        76.44525
       53.92173        67.40217
              0               0               1        711.5385
  -2.080914e-06    0.0004738605      0.04709705       -67.38766
    2.23936e-06   -0.0004524058      -0.1598304        87.20069
       711.5385        788.4615
              0               0               0        788.4615
  -1.548806e-05     0.002187445        0.774426       -72.82693
   1.273645e-06    -0.002411818       0.6303505        65.10407
         54.502         68.1275
              0               0               1        711.5385
  -2.247273e-06    0.0003928063      0.01782281       -75.49933
   1.141747e-06   -0.0002176068      -0.1374523        76.44525
       711.5385        788.4615
