              0               0               0        369.2308
    -5.0891e-06    -0.001938574       0.9208058        62.15994
   1.850875e-05    -0.004514309      -0.3889587        131.5766
        218.242        231.8821
              0               0               1        369.2308
   5.799834e-06   -0.0003771746     -0.04200229        74.34625
  -5.731881e-06    0.0001891218       0.1070484        125.4782
       369.2308        484.6154
              0               0               0        484.6154
  -1.824959e-05    -0.002347372       0.8990558        62.08918
   1.139545e-05    -0.004913803      -0.4376303        138.0695
       208.9228        221.9805
              0               0               1        369.2308
   5.710389e-06   -0.0003047178     -0.04147935        62.15994
   -4.68941e-06    0.0001545756       0.1008692        131.5766
       369.2308        484.6154
