              0               0               0        597.4359
   3.567111e-05    -0.004953141       0.1863442        113.3625
   1.457508e-05   -0.0008844658      -0.9820914        65.23194
       299.9511        314.2345
              0               0               1        597.4359
   5.503151e-06   -0.0001030945      0.04828024        115.1175
  -2.172514e-05     0.004228947      -0.0598628        51.06638
       597.4359        710.2564
              0               0               0        710.2564
  -6.157531e-05    -0.002437108       0.5895705        119.7973
  -2.306071e-05    -0.001836798      -0.8079026        78.23044
       283.2493        296.7373
              0               0               1        597.4359
    7.70306e-06    -0.000716295      0.03980068        113.3625
  -2.119651e-05     0.003915914     -0.05678225        65.23194
       597.4359        710.2564
