              0               0               0        484.6154
  -5.058464e-05    -0.003129222       0.5446464        100.5682
   -1.63193e-05    -0.001961528      -0.8391261        103.7067
       261.1536        274.2112
              0               0               1        484.6154
  -5.068904e-06     0.000999334      0.00786808        107.0339
   2.026613e-05    -0.002943393      -0.1665025         92.3789
       484.6154        597.4359
              0               0               0        597.4359
  -1.802712e-05    -0.004180676        0.316806        109.7428
   1.342238e-05    -0.001459617        -0.94861        79.03997
       285.6677        299.9511
              0               0               1        484.6154
   -7.37316e-06     0.001231285      0.03625522        100.5682
   1.832711e-05    -0.002682791      -0.1492393        103.7067
       484.6154        597.4359
