              0               0               0        3557.692
   4.816504e-07   -1.679413e-05      -0.9837121        271.2536
  -2.496979e-06    8.490408e-05      -0.1796629        4.492944
      -418.9763       -398.0275
              0               0               1        3557.692
  -6.691231e-08    2.040782e-05     -0.04099148        250.6431
   3.626031e-07   -0.0001117118     -0.01210224       0.7435238
       3557.692        3846.154
              0               0               0        3846.154
   4.437022e-07   -7.441163e-05      -0.9770772        258.3126
  -1.711728e-06    0.0003385206      -0.2128477       0.7616099
      -396.6136       -376.7829
              0               0               1        3557.692
   -6.73997e-08    2.063066e-05     -0.04520515        271.2536
   3.428168e-07    -0.000106153     -0.01084003        4.492944
       3557.692        3846.154
